700
0
0.14285714285714285 -4.648939982934619 0 0 0 0 0
0.14285714285714285 0.9192822118414806 -0.7742851224133239 2.2320726032285583 0 0 0
0.14285714285714285 -2.9131353922642904 1.1128754368339573 -2.895981683127892 0 0 0
0.14285714285714285 1.4290340835610376 1.8119132008315315 0.9425628768834039 0 0 0
0.14285714285714285 -1.1138024555537955 2.2302906232008155 -3.974895334995734 0 0 0
0.14285714285714285 0.25752955405807576 -0.8352562523423362 2.4190999593675966 0 0 0
0.14285714285714285 -2.0598763114303806 -2.731876900753819 3.0417678516545523 0 0 0
0.14285714285714285 0.4078564600771753 0.9716285489341208 -4.255518408723391 0 0 0
0.14285714285714285 2.9472845579371674 -0.2728834520193301 2.996379825376601 0 0 0
0.14285714285714285 0.09256491613698022 -2.828262186306042 -1.465853396538044 0 0 0
0.14285714285714285 4.3725358216637735 0.42322136682865374 0.9914733154309154 0 0 0
0.14285714285714285 1.997925100762307 1.79972046353937 1.9351919379375278 0 0 0
0.14285714285714285 3.6008928305726062 -0.21059012112754302 3.2651446323861406 0 0 0
0.14285714285714285 -3.0053756259696285 -3.3313357135723476 -1.5349192844875894 0 0 0
0.14285714285714285 -1.9485095950857618 1.8617182680067639 0.6974930800375578 0 0 0
0.14285714285714285 2.2915274936316217 -2.6399090624150547 1.146171753774904 0 0 0
0.14285714285714285 -2.601550047398552 -0.2571640913746468 -1.0435083176746665 0 0 0
0.14285714285714285 1.2965790778374167 -4.504841552884438 -1.414988493803849 0 0 0
0.14285714285714285 -2.966573590180983 2.788216005229636 -0.8956722298195163 0 0 0
0.14285714285714285 -1.0298084564994285 3.686504352488954 -2.3207706975605493 0 0 0
0.14285714285714285 -1.4683704820973966 -2.7020117994559074 1.2629377820292393 0 0 0
0.14285714285714285 2.2543424820524187 2.8446903487071022 -3.1881055305895063 0 0 0
0.14285714285714285 -1.4426280660843598 -2.472388883091718 3.0087926104616036 0 0 0
0.14285714285714285 -1.8846068070445392 2.7454870720278586 2.129389155483345 0 0 0
0.14285714285714285 0.11766690005232157 2.9064808902790182 0.570427427221493 0 0 0
0.14285714285714285 0.6900661349606331 -1.31886284219273 2.154916471645153 0 0 0
0.14285714285714285 3.1407830214158494 -0.0838830996521596 3.5147514997232543 0 0 0
0.14285714285714285 -1.9870865125414483 0.9137773655354613 4.060272411784526 0 0 0
0.14285714285714285 -1.6834823496209823 -2.694730569169685 3.801685425881393 0 0 0
0.14285714285714285 -1.606935518437691 -3.620413656168897 2.737739284391095 0 0 0
0.14285714285714285 3.8136721818487636 1.8996947016182386 1.5776090671700562 0 0 0
0.14285714285714285 2.9397515846270585 -2.8033296027250514 -2.904411340647045 0 0 0
0.14285714285714285 -1.5931692210820625 -1.8262025035364229 1.942254809223367 0 0 0
0.14285714285714285 -3.6312837648643734 -0.9824746074311218 -0.39604153788507396 0 0 0
0.14285714285714285 -1.0262592008795748 0.7772369015471049 -0.3540550219769459 0 0 0
0.14285714285714285 0.4788305063902977 4.44060090269804 1.8145304090525354 0 0 0
0.14285714285714285 3.7058892438296605 -2.9906622449534077 -0.9166337649486689 0 0 0
0.14285714285714285 -1.97718319489059 -2.324158513562812 1.6704834932650527 0 0 0
0.14285714285714285 1.9575853650755588 -2.6174561595380164 -1.192442882239786 0 0 0
0.14285714285714285 -2.820326274743686 -3.3428651919704393 0.9357342011947947 0 0 0
0.14285714285714285 2.653138655978961 -3.997104906705707 0.5582248825890533 0 0 0
0.14285714285714285 0.8350841799251214 -3.4884158242715797 0.7998995053354412 0 0 0
0.14285714285714285 1.406395582860292 2.594164947609252 3.7438035975733723 0 0 0
0.14285714285714285 -1.6869372114100947 -0.8245901538799126 -1.8667892547381428 0 0 0
0.14285714285714285 0.9577756022157344 1.2102216976090021 -0.2673254599769327 0 0 0
0.14285714285714285 3.079659802284398 0.8470354981736082 0.9091548962938909 0 0 0
0.14285714285714285 3.0959905563525334 1.6010181139362631 2.5545450976097817 0 0 0
0.14285714285714285 0.1664409182743531 1.4423947614059967 4.439064709402961 0 0 0
0.14285714285714285 -1.783610950459619 1.117776654777719 -2.99119026597127 0 0 0
0.14285714285714285 1.1121025651097693 -0.510691732811802 -4.433567477897854 0 0 0
0.14285714285714285 0.2475437015444524 1.491967251330715 1.734633483904949 0 0 0
0.14285714285714285 -2.514583973062841 2.408175116919879 3.243348809875676 0 0 0
0.14285714285714285 3.219462157154109 -1.4972441772283904 -3.324945493422476 0 0 0
0.14285714285714285 0.8602014444320396 0.550515137979059 4.081737803974419 0 0 0
0.14285714285714285 3.0577200836744445 1.7978349763952026 1.864080435255441 0 0 0
0.14285714285714285 1.0444062050748573 1.971223289931361 -2.8964559089772424 0 0 0
0.14285714285714285 -1.2448467284998075 3.610550325549583 -3.051313779624259 0 0 0
0.14285714285714285 3.7548947629035605 2.185314893660769 -1.5701275781053574 0 0 0
0.14285714285714285 -1.2140140062055533 -1.3882127101098507 0.7726658969005071 0 0 0
0.14285714285714285 0.5634718439219754 2.4026007811902557 -3.3837611200945745 0 0 0
0.14285714285714285 0.7078089639018107 0.8448772269671306 1.668690134089468 0 0 0
0.14285714285714285 0.8559002460850145 2.35123380804844 0.25850253725400396 0 0 0
0.14285714285714285 -0.6340041678488397 1.159376231176479 4.6602367320865 0 0 0
0.14285714285714285 1.3402238832734674 0.8945668450881743 -1.9738654488569778 0 0 0
0.14285714285714285 -2.3234049973758513 -0.43800685779693177 3.043891610586511 0 0 0
0.14285714285714285 1.4288253123232233 2.468890034600477 -1.0884670063461408 0 0 0
0.14285714285714285 -3.636919968524304 -0.2098547530846744 -1.6588482692147462 0 0 0
0.14285714285714285 3.2554703707201074 1.3903264707951182 -3.2124863386241773 0 0 0
0.14285714285714285 0.23457223744058944 4.298040470507337 2.461821500131576 0 0 0
0.14285714285714285 0.7267363684276597 1.3471441276417353 -3.2325215441925756 0 0 0
0.14285714285714285 -2.705911233434622 0.5016684846139947 1.3600402819887065 0 0 0
0.14285714285714285 2.2305910093667403 -2.236827134237159 2.2608399970200277 0 0 0
0.14285714285714285 -0.17346908236859487 -1.8460193982550466 2.2154649545535907 0 0 0
0.14285714285714285 3.8002736255920047 0.6135338190635372 2.3199411071016036 0 0 0
0.14285714285714285 -2.0848300124616976 1.8424359463693596 0.598869540663115 0 0 0
0.14285714285714285 2.5774466489131576 3.6459519002606284 -1.411425724229634 0 0 0
0.14285714285714285 2.6290070294453747 -1.0390661150508447 -2.7630914099014388 0 0 0
0.14285714285714285 1.25735755681298 -1.5620779287031628 -0.4887318622688373 0 0 0
0.14285714285714285 -2.2216553685706244 0.44159311628812986 -1.1082039709728726 0 0 0
0.14285714285714285 -0.4716820595866515 -2.3508510005239875 2.1876843262732724 0 0 0
0.14285714285714285 -1.6612525005219019 1.1355860385070902 2.2609335673499515 0 0 0
0.14285714285714285 -2.578415773580083 -2.0014094993636156 2.1090275726405334 0 0 0
0.14285714285714285 4.038379353946159 -0.6532622783060934 -1.4055429725290316 0 0 0
0.14285714285714285 2.4687767134954655 -3.5421306016056175 -0.8897380536084524 0 0 0
0.14285714285714285 -2.9214342051472517 -0.02898308532140394 2.5629440914084065 0 0 0
0.14285714285714285 -2.311508358690143 -0.16069281935129984 -2.249718116840336 0 0 0
0.14285714285714285 1.7465742951621135 -3.593228278359219 -2.2070176433931246 0 0 0
0.14285714285714285 1.2852398841466746 -1.638605629564408 3.3564336559031003 0 0 0
0.14285714285714285 -1.921142190755377 0.9499135477625003 1.6698191696386855 0 0 0
0.14285714285714285 -2.0004127490218364 1.8798828050026262 -2.702518361922068 0 0 0
0.14285714285714285 -4.2526174578146065 -1.7580264097364844 1.0062232893501246 0 0 0
0.14285714285714285 -0.17438802711918788 -2.258310117256643 3.929490355074343 0 0 0
0.14285714285714285 -2.669617915732587 -2.365962595630324 1.0502556621093757 0 0 0
0.14285714285714285 1.5261337184342147 1.5167880920861574 -3.922853532420429 0 0 0
0.14285714285714285 1.6909631838181587 0.5313468986262612 3.45389463365912 0 0 0
0.14285714285714285 -2.2470495935930512 -3.7463639113410134 0.9949364746900208 0 0 0
0.14285714285714285 0.6871325836692616 1.7448338107735106 -1.1078995385964212 0 0 0
0.14285714285714285 0.9466409997175926 2.863481893783534 0.06210295928701667 0 0 0
0.14285714285714285 -0.3118030308817166 -0.2811881354717645 1.269851798095618 0 0 0
0.14285714285714285 1.677848613116572 -1.0528439708359416 1.9088213186489724 0 0 0
0.14285714285714285 3.13633249768441 0.15304234804249586 1.057799502106697 0 0 0
0.14285714285714285 -2.587144629794167 -0.7577263032711837 1.3015598063628993 0 0 0
0.14285714285714285 3.765055161157797 -0.9161600642676158 2.610343837911424 0 0 0
0.14285714285714285 -4.089979685950624 -1.5690412703441434 -0.83640690069966 0 0 0
0.14285714285714285 0.513738455921135 3.9649607452445226 1.3030038716112937 0 0 0
0.14285714285714285 3.8533567578651047 -0.3223229972923269 -1.135044163615683 0 0 0
0.14285714285714285 -3.685299977500055 1.1083816987716493 0.7648279267067424 0 0 0
0.14285714285714285 -1.5133699852297968 -0.6904328948495485 3.317511996091493 0 0 0
0.14285714285714285 -3.3480658624335673 1.58742604440264 0.5074140860174561 0 0 0
0.14285714285714285 1.1232454505761538 0.8936687250111346 2.282247173172177 0 0 0
0.14285714285714285 3.4998399673820186 1.8604120361906962 -1.3749204078596422 0 0 0
0.14285714285714285 -1.2848011895317173 1.065371904089792 -2.8328062324777763 0 0 0
0.14285714285714285 -0.3483946609312737 0.914113832794761 -2.0101054106770904 0 0 0
0.14285714285714285 1.3186901677805842 0.10832253068093 0.9789765629578033 0 0 0
0.14285714285714285 -0.7735414535202112 -2.2068365733543285 -4.028741492545196 0 0 0
0.14285714285714285 0.5410635849867642 -0.490957272450663 4.538320773574561 0 0 0
0.14285714285714285 2.5285304172681484 1.4793760969765402 0.6471848297836459 0 0 0
0.14285714285714285 -3.899169454415182 1.6961984192464479 2.106763126426406 0 0 0
0.14285714285714285 2.6353071112871653 -2.253839585457737 -2.381152224803056 0 0 0
0.14285714285714285 -1.8285078667391175 -2.921305897385739 2.977297678648709 0 0 0
0.14285714285714285 -2.6142316870728517 1.1039534434747043 3.6373679903310165 0 0 0
0.14285714285714285 3.1036207249207934 -3.192278296351638 -0.281762951480631 0 0 0
0.14285714285714285 2.998427615014696 -0.0385690828350605 -0.2753917895852466 0 0 0
0.14285714285714285 2.252232143815576 -1.2757807585162568 1.8247678054382257 0 0 0
0.14285714285714285 -0.8801615581370377 0.6945210505567231 1.7028847409137438 0 0 0
0.14285714285714285 2.917582972130359 2.489795920882332 2.880775321116441 0 0 0
0.14285714285714285 2.8359432067513453 -0.530892275237275 -1.2833997423898214 0 0 0
0.14285714285714285 0.8005487204494757 0.38698182333714826 0.2818533351827744 0 0 0
0.14285714285714285 -1.0903917527958948 1.051696925730761 -4.069013501060479 0 0 0
0.14285714285714285 1.7246248987232753 2.2156414208282698 -1.183491389886921 0 0 0
0.14285714285714285 1.8628575018042963 0.31540499743925676 2.175176421217441 0 0 0
0.14285714285714285 -1.1863163568011657 1.1206834987626408 -1.8254236557197048 0 0 0
0.14285714285714285 1.993497681080882 0.6524775137203347 1.4383742844572223 0 0 0
0.14285714285714285 -1.7909972135386991 -1.4893480679237228 2.1428056987236896 0 0 0
0.14285714285714285 -1.7619272749061974 -3.265568174179988 -1.3906189099536603 0 0 0
0.14285714285714285 3.1099017480337032 2.2381361354301053 1.3513683861005843 0 0 0
0.14285714285714285 -1.3995851780937392 -0.728099797960635 4.743506654572409 0 0 0
0.14285714285714285 0.6182950080772185 -2.8321963434373187 0.9683154945180553 0 0 0
0.14285714285714285 -3.402913854120228 -0.920291993496928 1.2717874693293612 0 0 0
0.14285714285714285 2.2908963273259038 -2.911142931358586 -3.0467249108177605 0 0 0
0.14285714285714285 0.5360128833526205 3.032830881616226 3.2292942862826743 0 0 0
0.14285714285714285 -2.6403970651803434 0.5316903925870925 3.865587494104078 0 0 0
0.14285714285714285 -1.904424479352044 -1.3879476425200992 -2.3398977565393677 0 0 0
0.14285714285714285 -1.006759338815169 2.0703136569038993 3.2450610075818065 0 0 0
0.14285714285714285 -1.2983144285826822 2.564431173924921 -2.123085531826992 0 0 0
0.14285714285714285 -0.9928596481259216 0.6379140407857747 -3.8636484695839 0 0 0
0.14285714285714285 -2.304438567995568 -2.9347854449188087 1.7549396067468426 0 0 0
0.14285714285714285 1.720267092433349 1.0843409235876602 -1.0755550419495614 0 0 0
0.14285714285714285 0.27840103064273547 0.3665993499728474 3.547826460644859 0 0 0
0.14285714285714285 -1.2755736085827531 -0.13518757864551406 4.454351349737721 0 0 0
0.14285714285714285 0.24744983619049268 -2.9881612135197435 -3.2660215185322725 0 0 0
0.14285714285714285 -2.203015843045296 -1.247959717825075 0.05957360083817459 0 0 0
0.14285714285714285 -0.18799157796958205 -0.17919954149969058 -4.761138605105505 0 0 0
0.14285714285714285 2.0811646559394243 1.638429543795997 3.0130374879600463 0 0 0
0.14285714285714285 -3.0849759088904953 -1.43884785287914 -0.35708947260230745 0 0 0
0.14285714285714285 0.8430243331151285 0.3760159188019857 -1.5788251301700247 0 0 0
0.14285714285714285 0.1615856835882125 -0.34695716017986084 4.013911534636327 0 0 0
0.14285714285714285 2.229293428146978 -0.9039334881031428 -2.503173897135944 0 0 0
0.14285714285714285 0.8746717187394576 -1.9538479874600891 3.958161238861018 0 0 0
0.14285714285714285 1.792757793681721 -4.011499361769555 1.9009107488655708 0 0 0
0.14285714285714285 -1.4943466361610687 -0.7836708768122381 2.2644617489525785 0 0 0
0.14285714285714285 0.41753074786965744 0.6839286597896245 0.42684140583968994 0 0 0
0.14285714285714285 -3.6132325516467265 1.6346120438695626 0.3409220578549478 0 0 0
0.14285714285714285 -1.218410934551392 3.9726652928539177 2.4737298078415733 0 0 0
0.14285714285714285 -1.6820723859843858 0.02273343987118383 -1.404066525796716 0 0 0
0.14285714285714285 -0.40115562332313187 4.918898236864407 -0.37908751187692347 0 0 0
0.14285714285714285 2.2261897090876572 -3.5753636428305744 -2.368245642065518 0 0 0
0.14285714285714285 -1.8624385473549225 -1.0955522364322547 -3.4191009379824266 0 0 0
0.14285714285714285 -2.508246851782902 2.5757749574447324 -2.218644733775061 0 0 0
0.14285714285714285 -1.5138161793636564 -3.485761681514171 1.146460397358962 0 0 0
0.14285714285714285 1.3025455601686122 -2.683581871120207 -3.6713873774574157 0 0 0
0.14285714285714285 1.1749504726096947 -1.07805510112422 2.0539031891657693 0 0 0
0.14285714285714285 -1.318461618732162 -1.782991589202101 -1.1502142020908328 0 0 0
0.14285714285714285 0.5424268559984511 -2.1446032466253757 -2.3608260583727834 0 0 0
0.14285714285714285 2.8436182506721748 -2.416302711797122 -3.0831382069068143 0 0 0
0.14285714285714285 2.967155107756838 2.1230181807756097 1.5355564904664325 0 0 0
0.14285714285714285 3.905545388345449 0.17194633146885877 0.7469519114205175 0 0 0
0.14285714285714285 -2.840447854618538 -0.7244146890161096 -1.301191827680274 0 0 0
0.14285714285714285 3.936171309408208 -0.4982198991527287 2.5604403889632903 0 0 0
0.14285714285714285 1.985697876612129 4.462900501192535 0.10192534391354816 0 0 0
0.14285714285714285 3.163440560345501 3.0101434950141255 0.12785441759131883 0 0 0
0.14285714285714285 3.177817656453714 -1.267804859386765 0.4755027235823182 0 0 0
0.14285714285714285 3.045393737082468 1.0801015128881089 3.348622170722249 0 0 0
0.14285714285714285 0.3204699090696865 1.5144341004987623 -3.6137952023763815 0 0 0
0.14285714285714285 -1.5508378827640437 -0.19305935636007526 -1.7108120760219996 0 0 0
0.14285714285714285 -3.7688151479860834 0.6930146161793997 -0.1016449127274134 0 0 0
0.14285714285714285 2.423971199575402 0.7900795485870536 2.6244870509184572 0 0 0
0.14285714285714285 1.957005073472989 -0.9299738481246095 0.4198187065395958 0 0 0
0.14285714285714285 2.648692084810856 1.8442950716050917 -2.873643343847561 0 0 0
0.14285714285714285 -0.0047023058928847014 -0.48338693157427315 2.1991347206957474 0 0 0
0.14285714285714285 2.158181846553799 1.021815563756273 3.495125734082548 0 0 0
0.14285714285714285 -0.9203635365936718 -1.7326228107961272 1.5057224898040897 0 0 0
0.14285714285714285 2.7662257248809348 -3.6826305371409167 1.7433239000546814 0 0 0
0.14285714285714285 -2.6144501368773216 -3.246923181524734 -1.5023350505825448 0 0 0
0.14285714285714285 3.4107067143664622 -0.8980206345599969 -2.9032402267214423 0 0 0
0.14285714285714285 -3.491331114721794 -2.059670452539583 2.0896411631622986 0 0 0
0.14285714285714285 2.076546102478993 3.5218341121657453 0.6803572693305144 0 0 0
0.14285714285714285 -3.236992728463821 0.9256210733660843 1.626227999199739 0 0 0
0.14285714285714285 1.8366917545984411 2.0419720144677256 2.2405277946089748 0 0 0
0.14285714285714285 0.4475281053125767 -1.8447144494080412 4.022033297972586 0 0 0
0.14285714285714285 -0.952518477594321 -4.203960060539036 0.6868103726352116 0 0 0
0.14285714285714285 4.055639737100669 -1.7369592844510084 0.3314649196475679 0 0 0
0.14285714285714285 -1.6961844670824124 -1.1577694371030858 4.430615064640094 0 0 0
0.14285714285714285 -0.20424493041505584 -3.7564857784106707 -2.711528608932003 0 0 0
0.14285714285714285 -0.6911269358733177 2.06782989601436 0.3593483082729489 0 0 0
0.14285714285714285 -1.5081971897799853 -2.9302430805970086 0.6236299647068538 0 0 0
0.14285714285714285 -2.0852029544579103 0.37591252053890206 -1.3006740423474852 0 0 0
0.14285714285714285 2.0530204538350114 -0.3050444703134627 -4.120233511751991 0 0 0
0.14285714285714285 2.782171392148268 -2.431609201013232 -1.1270757183915705 0 0 0
0.14285714285714285 -0.31339141018331584 2.573750551187004 -1.9821741205277175 0 0 0
0.14285714285714285 0.20995998518489026 2.7252896125138775 3.2332292288004654 0 0 0
0.14285714285714285 -2.8878357650374777 -1.6861930832365581 -0.614663156016256 0 0 0
0.14285714285714285 -0.31412340123829063 2.801133539463618 2.3216933308493544 0 0 0
0.14285714285714285 -0.6038794808029398 -4.233441434830374 -1.1705907418654975 0 0 0
0.14285714285714285 -0.46970236118057407 -1.6746364321127558 4.332584103053223 0 0 0
0.14285714285714285 -3.5043575212190623 3.5039641685325504 -2.936559169483603e-06 0 0 0
0.14285714285714285 3.3636828550695697 0.08835061891755437 2.646494610269958 0 0 0
0.14285714285714285 1.0079912208089516 1.0199757639020046 0.17246956231432514 0 0 0
0.14285714285714285 0.06274737146020219 -1.0457974943028254 -3.6218237465955134 0 0 0
0.14285714285714285 -1.1077927072684577 -2.9558981119733043 2.5812406333231253 0 0 0
0.14285714285714285 1.0509459914253807 -0.7992721738577901 -0.8839397971010866 0 0 0
0.14285714285714285 0.13134690358323345 2.1033321666749965 0.36507124876115377 0 0 0
0.14285714285714285 -3.8703307596453804 2.2223406088074533 0.714555447031747 0 0 0
0.14285714285714285 -0.17014056891333798 -2.2493775539464878 1.293756577309195 0 0 0
0.14285714285714285 -0.5701043225334793 3.0479641926778656 -0.8700237746631125 0 0 0
0.14285714285714285 -0.24904096592595348 2.795374646819919 -3.9949370246836042 0 0 0
0.14285714285714285 -2.160728474970297 3.1089084660472763 0.28367455981602313 0 0 0
0.14285714285714285 -2.86292736718015 3.5411616972650015 1.6234989979481913 0 0 0
0.14285714285714285 -0.8260597856766375 -2.6449826139501 2.087866896228647 0 0 0
0.14285714285714285 2.8087973055551103 2.7866911034053268 2.0942185564904423 0 0 0
0.14285714285714285 3.3740956620419404 -3.0606478672042607 -1.7200073755226493 0 0 0
0.14285714285714285 2.9316410798256016 -3.5246555411775624 -0.9396600890273238 0 0 0
0.14285714285714285 0.5762898006605335 -3.790899063401688 -0.023985149994528315 0 0 0
0.14285714285714285 0.4118020276515187 -0.10647779334260866 1.7721820718069718 0 0 0
0.14285714285714285 0.21877428499857393 0.21669708246761757 -2.491734542868965 0 0 0
0.14285714285714285 -2.999029892819478 -0.9183285125650666 -1.9580159593919497 0 0 0
0.14285714285714285 -3.7356999323665123 -0.11656351831298445 2.069612870944948 0 0 0
0.14285714285714285 0.9883222173520555 0.37433558411960455 -0.38699995088579237 0 0 0
0.14285714285714285 2.2526327347485986 0.7515777647922349 3.918023194108401 0 0 0
0.14285714285714285 2.322617658987035 -0.7642185569792604 3.235775059333405 0 0 0
0.14285714285714285 4.28987592121834 1.8815990763882653 -0.5247103737425619 0 0 0
0.14285714285714285 3.0275743260393138 1.0828260915110242 0.08727449569777705 0 0 0
0.14285714285714285 -4.075973632410056 0.4449866333020913 0.9003511747720945 0 0 0
0.14285714285714285 2.825127484015853 1.1272249122961608 -3.6131193788288014 0 0 0
0.14285714285714285 -1.8105481187039885 -0.3026627298426149 1.510355790572272 0 0 0
0.14285714285714285 -1.296581729873592 -1.5591962704840545 -3.9712650466299277 0 0 0
0.14285714285714285 -4.563209934456794 -1.3721910238530939 0.0657929327103877 0 0 0
0.14285714285714285 -0.7780541442722323 1.8925638916374243 -4.119282763631812 0 0 0
0.14285714285714285 -1.7970790730290858 -0.15086557118763785 -0.38565647631584316 0 0 0
0.14285714285714285 -0.7052007017479823 0.9453756630430389 -3.4215994572265687 0 0 0
0.14285714285714285 1.5004426225160525 1.4979090664740715 -2.5203581809942963 0 0 0
0.14285714285714285 3.1841695874706444 -2.4132131527684737 2.630663638619978 0 0 0
0.14285714285714285 -2.7442534477025715 3.389261290066378 1.3204214930635423 0 0 0
0.14285714285714285 2.304000903631034 2.5899436296048144 3.5023745679691496 0 0 0
0.14285714285714285 -3.2284949812314556 -2.0835839205774365 -0.6195702357179975 0 0 0
0.14285714285714285 -2.007047319365897 -0.03177807861722162 -1.3697660388824158 0 0 0
0.14285714285714285 -0.8347792424292008 -0.8015518763331791 2.00449405431062 0 0 0
0.14285714285714285 -4.545772015708364 -1.084372627949132 -1.2688595054280498 0 0 0
0.14285714285714285 -2.3222081738296643 -3.0996202523720497 2.6192976853437786 0 0 0
0.14285714285714285 2.0888861376253014 1.2926309862385637 -2.670685299524486 0 0 0
0.14285714285714285 1.919928333688487 0.5886029060629201 -4.468982991698145 0 0 0
0.14285714285714285 -4.213147251741558 0.878948002507686 -0.583440371920874 0 0 0
0.14285714285714285 3.374402780695266 2.4932091016011975 0.34553119821458406 0 0 0
0.14285714285714285 -3.205627436447034 1.5737027304231983 -0.7624428193702046 0 0 0
0.14285714285714285 3.576361658172853 0.06498695761624808 -1.3894662967952158 0 0 0
0.14285714285714285 -0.8675084756002872 3.1873535851986365 0.8758062592084551 0 0 0
0.14285714285714285 0.47349951120051165 -2.871632843556751 2.602048121624139 0 0 0
0.14285714285714285 -2.62295351611956 2.003005876118758 2.759350736762045 0 0 0
0.14285714285714285 -3.84134898597536 0.42267411480372247 -0.1255465323659705 0 0 0
0.14285714285714285 2.8446017060844753 0.9332973778164403 0.07413796107095375 0 0 0
0.14285714285714285 0.44671751531330317 0.5836830028111951 3.942746433805672 0 0 0
0.14285714285714285 2.2614453013875107 3.0854397607324535 -3.131420203397687 0 0 0
0.14285714285714285 1.6117778813038397 3.6696868988296583 -1.4418076516142535 0 0 0
0.14285714285714285 -1.3979216722818213 -0.018713897858066295 -0.5341878235331651 0 0 0
0.14285714285714285 -0.24668439097000014 -2.50989481255942 -0.11877476993507567 0 0 0
0.14285714285714285 4.063360087890095 0.5000980679788231 -0.6270564695122348 0 0 0
0.14285714285714285 -3.7969156722294555 1.3514200350668089 1.7177973608762198 0 0 0
0.14285714285714285 -2.8522865512754705 1.5017834398996286 -0.42211329751052934 0 0 0
0.14285714285714285 3.3629382884543806 -0.12148909087511564 1.555335104890008 0 0 0
0.14285714285714285 -4.641760547580611 0.1304511124474502 0.11986268778407806 0 0 0
0.14285714285714285 -0.45660253190924943 1.2965895240776129 4.039810679529603 0 0 0
0.14285714285714285 3.9873983575331895 -2.544098830957565 -0.9425672328886566 0 0 0
0.14285714285714285 3.367321937532912 0.4667097983065455 -2.1706516078094062 0 0 0
0.14285714285714285 -0.3065308010573006 -0.3903948055879504 -4.832940390009452 0 0 0
0.14285714285714285 0.35512844393176235 1.8862119476762342 -3.9380622765391062 0 0 0
0.14285714285714285 3.632193595511914 -1.2597746561865408 0.7742052607367946 0 0 0
0.14285714285714285 -0.029637576515093713 1.4347093795727064 -2.3596759719664013 0 0 0
0.14285714285714285 -4.262653776055716 -0.15439232302378178 -1.4287050588920018 0 0 0
0.14285714285714285 -0.08908004723474464 0.9304520050688182 -3.857401215388755 0 0 0
0.14285714285714285 -4.042024222048321 -1.2436954691263629 -2.3278346672894052 0 0 0
0.14285714285714285 -0.02036614563517401 -2.738681473899277 2.6279533505877923 0 0 0
0.14285714285714285 0.32120406478522917 -4.403835688705856 2.337783847516465 0 0 0
0.14285714285714285 -0.34151815088081344 -2.3170989191021487 -1.6781135584063827 0 0 0
0.14285714285714285 -2.5918971569643445 -0.673886600955493 2.611408617167663 0 0 0
0.14285714285714285 -2.246853346601098 0.0019528014351216732 -2.8897245066478834 0 0 0
0.14285714285714285 -3.09333497809222 -1.5285642163830813 2.7853417094689115 0 0 0
0.14285714285714285 -0.8718506467507553 1.5229873303432306 2.6694879951274686 0 0 0
0.14285714285714285 3.587436996864446 0.005432687550230591 0.9298447244651387 0 0 0
0.14285714285714285 -1.1090003289021215 -2.8910531184111035 1.6196868672397144 0 0 0
0.14285714285714285 -1.7985345381345212 -1.6157767646093728 2.5001871130440096 0 0 0
0.14285714285714285 0.9295942433068634 -2.3836572946592547 3.4816788073046303 0 0 0
0.14285714285714285 -2.4248477277514637 -1.7873290056580415 3.080728419434674 0 0 0
0.14285714285714285 -1.24695822041927 -2.7858767423521593 2.8809204585654737 0 0 0
0.14285714285714285 4.409556676115015 -0.11061418858529164 -0.9274432652438647 0 0 0
0.14285714285714285 -2.9938395819810446 -1.3607696631765869 3.7049053371050915 0 0 0
0.14285714285714285 4.4971609730855056 1.6056235060171176 0.7758304177348622 0 0 0
0.14285714285714285 -2.804677046542299 3.106834515256392 0.7477533002763744 0 0 0
0.14285714285714285 1.6110020652615709 -2.5137956484172044 -3.245780428940001 0 0 0
0.14285714285714285 -0.9538475841424384 2.9772124543847847 2.6108411335480266 0 0 0
0.14285714285714285 -3.2595867872868873 2.9754664174608667 0.9718961171221612 0 0 0
0.14285714285714285 -1.4941778243659856 2.711021253262306 3.255862017423713 0 0 0
0.14285714285714285 3.6785069936734076 -1.7150570533549045 -0.5635853957363156 0 0 0
0.14285714285714285 1.7502457630107193 3.1933550483592903 -1.8693225855158622 0 0 0
0.14285714285714285 3.5295964262321133 0.5993758809375739 1.4012051578351452 0 0 0
0.14285714285714285 3.683577933646224 2.764651545784585 1.3329077340932272 0 0 0
0.14285714285714285 0.46489921327689 2.4220949041633855 1.9288801628436016 0 0 0
0.14285714285714285 -2.0440064052183686 -2.5661707624831287 -1.1459141676559004 0 0 0
0.14285714285714285 -0.5592307836501861 -1.5688794442496616 1.2594800540148787 0 0 0
0.14285714285714285 -1.8589307307089977 3.6395231417324085 -0.3331418460480942 0 0 0
0.14285714285714285 2.829779919456719 2.581906818974775 -0.5635677323135662 0 0 0
0.14285714285714285 3.096804151945416 -3.2914280676064482 -1.441484574316018 0 0 0
0.14285714285714285 -4.179939880780449 -0.6742180759218495 -2.1939998749788425 0 0 0
0.14285714285714285 4.069790223143242 2.101674100230052 -1.7329715544663957 0 0 0
0.14285714285714285 1.8776983515455263 2.6562939501455274 1.7415474502008694 0 0 0
0.14285714285714285 -2.740041878127667 2.7474816581303037 0.3427290007940651 0 0 0
0.14285714285714285 -3.6238887904143744 -1.3688025165793933 0.31731572481136955 0 0 0
0.14285714285714285 -1.1396383515317778 -1.6051806393143464 -2.750439715183459 0 0 0
0.14285714285714285 3.1100096691230585 0.9177068681021007 -1.8153773821057544 0 0 0
0.14285714285714285 -0.8944921890071285 0.643262188841719 4.303876377286066 0 0 0
0.14285714285714285 1.8485316471261688 3.6431865694131558 2.2482019057362552 0 0 0
0.14285714285714285 -0.38476075879328725 -1.7266026967974395 -1.7836698238221416 0 0 0
0.14285714285714285 -0.9388543800665861 -4.827608210384594 0.5000245255343768 0 0 0
0.14285714285714285 0.7262496223575291 -2.9540973131304757 2.9095026322579356 0 0 0
0.14285714285714285 -0.19050414789870423 -2.6007090145654317 0.8253267964321164 0 0 0
0.14285714285714285 0.4175152606880188 -0.9703555767439627 -3.045983796226735 0 0 0
0.14285714285714285 -1.6859543914329707 -2.3552103979921473 -0.4919835996491395 0 0 0
0.14285714285714285 4.260113161123902 1.6228359832581831 1.994118172072809 0 0 0
0.14285714285714285 3.554083933343539 -0.7035305020976769 1.1269397546005127 0 0 0
0.14285714285714285 -0.6461645202828304 1.9995509929621544 2.5590411442715473 0 0 0
0.14285714285714285 0.5576766500381781 3.590982409407416 3.409859924297402 0 0 0
0.14285714285714285 0.9828194787204582 -1.7391605232449716 0.7964274883413397 0 0 0
0.14285714285714285 2.5251870482188328 0.5462825935969319 0.7788509498219496 0 0 0
0.14285714285714285 -0.3328212180085756 3.403129358165084 -2.6377339416052568 0 0 0
0.14285714285714285 1.654936190924627 -4.2273461064257765 2.0476744912658598 0 0 0
0.14285714285714285 -1.735146892183667 -0.8593992837428883 0.5645461510405305 0 0 0
0.14285714285714285 -2.079532917724706 2.736522347903248 1.5261589968868263 0 0 0
0.14285714285714285 0.138790082863895 -4.633757230535352 0.2950369039764404 0 0 0
0.14285714285714285 0.21719436248040117 -3.0620016949218747 1.5942927434939151 0 0 0
0.14285714285714285 -1.8097040444191266 -0.23416696886916097 -0.23016890133070853 0 0 0
0.14285714285714285 0.02223527006422735 -0.8505674951731348 -4.522356237664118 0 0 0
0.14285714285714285 -3.3403084072877216 -2.5523089843790396 0.9776691138194631 0 0 0
0.14285714285714285 1.1417712715596613 -0.04093524907927761 2.9115083199860803 0 0 0
0.14285714285714285 2.4708466297792704 3.162554867333407 -2.072477956673119 0 0 0
0.14285714285714285 -3.303406817067468 3.5733207284205974 0.22066428396531595 0 0 0
0.14285714285714285 2.167628311498654 1.1952435034823623 -1.97659185607195 0 0 0
0.14285714285714285 2.7198011381068286 0.00871291596590257 1.4821457076105153 0 0 0
0.14285714285714285 3.741308458104067 -0.8743197206107269 -0.33583964255207555 0 0 0
0.14285714285714285 1.401087594554157 -1.6757250875402898 -2.8511334549022846 0 0 0
0.14285714285714285 3.3915703562933746 2.0867369148856736 0.2937125980404169 0 0 0
0.14285714285714285 0.9460480530860622 -4.494011316230409 -0.03527236464356106 0 0 0
0.14285714285714285 -1.8981775154206768 -2.7791739892523752 1.3927000430956067 0 0 0
0.14285714285714285 1.5448714968018087 3.459545474281833 -1.6435814822227799 0 0 0
0.14285714285714285 1.2109186861078292 -3.2736266455325578 -2.8351179623458598 0 0 0
0.14285714285714285 -3.8298613300786304 -1.819959335376782 -0.32962393483417163 0 0 0
0.14285714285714285 -1.4871315913109044 1.5904386987950307 -0.23290406429938995 0 0 0
0.14285714285714285 0.15954813434266116 -4.006573617394857 0.6115471861727594 0 0 0
0.14285714285714285 -2.5025696342387223 -3.4024312755994637 2.2758569330570686 0 0 0
0.14285714285714285 -3.0863636628143922 -0.64498800703459 2.184454879414561 0 0 0
0.14285714285714285 -2.116122025798836 2.158074147745587 -1.5898970277086124 0 0 0
0.14285714285714285 0.5053419083358927 -4.475677473717371 -0.17331756049993474 0 0 0
0.14285714285714285 -3.625293670367122 -2.2408584367071107 0.46073526537248705 0 0 0
0.14285714285714285 -4.005369082074672 -2.3789687610691357 -1.801787958710996 0 0 0
0.14285714285714285 0.32064916450708386 1.5488167353571158 1.0776525096554876 0 0 0
0.14285714285714285 -2.2990065208672124 -1.0482879565134249 3.333772806760956 0 0 0
0.14285714285714285 2.0086805052050787 2.731911614581358 -1.390302580457354 0 0 0
0.14285714285714285 -4.328330548405893 -1.8268023426056426 -1.017940187765935 0 0 0
0.14285714285714285 0.0016739513774051613 4.831806833019951 0.4907893851752926 0 0 0
0.14285714285714285 -2.483296779791057 -3.1336829362835315 -2.879656919707511 0 0 0
0.14285714285714285 -2.278294356320799 2.7149220779047214 -2.8140273330377297 0 0 0
0.14285714285714285 2.4567959269823496 2.209985811634624 -0.9086940975749552 0 0 0
0.14285714285714285 0.6563422819879808 -3.3038895772891297 -1.1689488366617609 0 0 0
0.14285714285714285 1.2024580279724804 4.165627108992835 1.8846176169750453 0 0 0
0.14285714285714285 -0.15316771039670996 -0.8478094532568162 -2.885746724745933 0 0 0
0.14285714285714285 2.459655250832961 -2.5803721704913842 -0.8344532376190475 0 0 0
0.14285714285714285 -2.73329668325685 3.589206874989005 0.639454914476695 0 0 0
0.14285714285714285 -1.9975476181633056 -2.6228456165979446 -3.2446157949574266 0 0 0
0.14285714285714285 0.6434932596700487 4.765646794923833 -0.714180178277394 0 0 0
0.14285714285714285 1.1501869675248364 1.8527145456025822 2.0932083581647145 0 0 0
0.14285714285714285 -2.2009497163051592 0.40117940555871373 3.538951016020447 0 0 0
0.14285714285714285 -3.1496939252581835 0.5972318089910031 -1.9819642592046878 0 0 0
0.14285714285714285 2.9502304463105284 0.3454699941288216 -3.853428090567787 0 0 0
0.14285714285714285 3.579439595325873 1.8295370427734283 0.3295397398977096 0 0 0
0.14285714285714285 -0.696172823185802 -2.9566274333455502 2.5942311323618563 0 0 0
0.14285714285714285 0.39486186137671697 1.4247141814247288 2.6391681887911993 0 0 0
0.14285714285714285 2.665139766715076 1.8060665752752374 0.6898631151297505 0 0 0
0.14285714285714285 3.5606575109446794 1.6096456295459904 0.1555911797886919 0 0 0
0.14285714285714285 -3.77486672920904 -2.518220584637538 1.4262812658880193 0 0 0
0.14285714285714285 -0.6946310296841429 -1.8195835785873131 3.3056717727738043 0 0 0
0.14285714285714285 1.0369615421310234 2.9625733916006647 -2.281837696980192 0 0 0
0.14285714285714285 -0.1415512055727406 2.2970194770631673 0.41578352970578414 0 0 0
0.14285714285714285 -3.000520207318116 3.0772726358863305 1.3953654126693764 0 0 0
0.14285714285714285 -2.7369485558867312 1.4457077439946606 0.3274926921551803 0 0 0
0.14285714285714285 0.4986908460534911 1.5727245438337472 4.6964786295149095 0 0 0
0.14285714285714285 -0.282891634134436 3.5304375854420567 1.900844307474794 0 0 0
0.14285714285714285 3.036099435776017 -0.7274385333591753 -3.084611973334988 0 0 0
0.14285714285714285 -2.375053079518744 1.501504412463864 1.2686133971664573 0 0 0
0.14285714285714285 -2.6695337603997813 2.8584088685089073 1.1339368711738835 0 0 0
0.14285714285714285 3.175504548956822 2.064951420367347 -1.4815253531793167 0 0 0
0.14285714285714285 -3.6237788797097714 -0.8690920087836032 -2.8116425622577856 0 0 0
0.14285714285714285 -2.059520400486858 -1.2121796722905276 0.35074503639335697 0 0 0
0.14285714285714285 -4.0547884903514575 0.19336542743043034 -0.36472087749447285 0 0 0
0.14285714285714285 -0.6299144547446817 -4.43144429582906 0.668722639930473 0 0 0
0.14285714285714285 0.3230336559618847 1.4021562949652742 3.986798713444648 0 0 0
0.14285714285714285 -2.139772588114144 -2.0825866844637666 2.5572269502089515 0 0 0
0.14285714285714285 -0.033449157404549734 2.891969574771101 -2.2515256346042376 0 0 0
0.14285714285714285 3.795480662252898 -1.7799056004309728 -2.1274675493155293 0 0 0
0.14285714285714285 1.37704317207703 0.6069236422336578 -0.5834632425358133 0 0 0
0.14285714285714285 -3.6490791568510414 -1.525701034852342 -1.2161178137483806 0 0 0
0.14285714285714285 -2.3845881921965373 1.483170371778029 2.272823501002402 0 0 0
0.14285714285714285 0.20001212307036298 2.0506612120272654 -1.0886437098718103 0 0 0
0.14285714285714285 -2.336326405021966 -1.9490383722303897 -0.3528671600436149 0 0 0
0.14285714285714285 -0.28186900578549423 -1.0709643820714034 0.6380874027886557 0 0 0
0.14285714285714285 1.206890247432347 3.0073669936574388 1.1688723745482634 0 0 0
0.14285714285714285 -0.7469276941535509 -1.8128047216286052 -2.1874608589105944 0 0 0
0.14285714285714285 1.5030250945998453 0.29395014198824765 -3.1364277627322146 0 0 0
0.14285714285714285 -4.013251043286956 -2.3498037485770724 0.8809417857897499 0 0 0
0.14285714285714285 -2.144507063327874 0.8047626020483623 -2.8436492219795118 0 0 0
0.14285714285714285 2.9869018268673746 -0.6940824535444156 -2.0163945831720453 0 0 0
0.14285714285714285 0.0854269828652894 3.245233609803193 -3.0176050706077677 0 0 0
0.14285714285714285 2.0881985700313046 -3.407841459605619 0.18409589730522744 0 0 0
0.14285714285714285 -0.49837528414001386 2.249349386780063 -1.790024961641532 0 0 0
0.14285714285714285 3.7920741997008056 2.9120476831147735 -0.21011818196936663 0 0 0
0.14285714285714285 0.669349630855606 1.052633155169202 3.470975540827905 0 0 0
0.14285714285714285 4.618560545406753 0.3646182359106294 0.3415154509657364 0 0 0
0.14285714285714285 -0.6894749372619284 -4.68396021790039 -0.703823082557144 0 0 0
0.14285714285714285 -2.6916888135166794 4.1631460334836055 -0.07004457611050152 0 0 0
0.14285714285714285 2.4785165015036745 1.3605837559615996 -0.864176369410567 0 0 0
0.14285714285714285 -3.3432760083369977 2.2446810379391855 0.2894319929742009 0 0 0
0.14285714285714285 -2.6544258687592275 -0.05186763151407901 0.3905593148185311 0 0 0
0.14285714285714285 3.9089990977661326 -0.00021989950908800826 2.5131023006002997 0 0 0
0.14285714285714285 3.0188956424907034 -0.669046645575492 2.3005096470188087 0 0 0
0.14285714285714285 -0.4241401623523494 -3.3331866826729293 0.9018503822529655 0 0 0
0.14285714285714285 -3.7707659197504517 -1.18926618183171 0.45939314624920297 0 0 0
0.14285714285714285 -0.0808598935502221 3.6737648278119046 0.9343415783767397 0 0 0
0.14285714285714285 -4.510540210008925 -0.862866463521702 1.3933867892514438 0 0 0
0.14285714285714285 0.09479232019724504 1.0486590390253059 -1.6585233224354463 0 0 0
0.14285714285714285 -2.238464727879236 2.269181670150359 -0.6989556808746172 0 0 0
0.14285714285714285 3.51445551621898 0.5570477232360412 0.9139272914120541 0 0 0
0.14285714285714285 0.9247105015421916 0.21266675158685894 1.7447697568473284 0 0 0
0.14285714285714285 -0.9241777296926758 -3.435704666110507 -1.9960089244072354 0 0 0
0.14285714285714285 -0.12107662075441093 -1.853633281170493 -3.6322560434672697 0 0 0
0.14285714285714285 2.3560398372218874 -3.2590649461132712 -0.9829644752739987 0 0 0
0.14285714285714285 -2.538734909026135 1.854518707210981 0.3413563844029858 0 0 0
0.14285714285714285 0.8574721871765264 0.053810912263378204 3.312849928359457 0 0 0
0.14285714285714285 -0.9385960759835139 0.9590341696682267 3.9027216477154685 0 0 0
0.14285714285714285 -1.095170871755447 -0.12377463852475669 -4.274895217965937 0 0 0
0.14285714285714285 0.8085470155628404 -3.279040526591278 -1.4842719086292036 0 0 0
0.14285714285714285 -2.0526955697219678 -0.4762663474101843 -0.45132563634177825 0 0 0
0.14285714285714285 -0.9932574567954477 4.030366186086216 -0.2669804564330959 0 0 0
0.14285714285714285 2.9852017949531118 -1.5831608029988735 -1.9813680535895202 0 0 0
0.14285714285714285 -0.8431435730714483 -0.5563907189799303 -4.895507171684438 0 0 0
0.14285714285714285 2.465803591700464 0.13843116257611054 1.9208048582662134 0 0 0
0.14285714285714285 -0.5157454557246318 3.89832371359756 0.5047212280734296 0 0 0
0.14285714285714285 0.023980930438646304 1.557327075664226 1.5866190181494084 0 0 0
0.14285714285714285 -3.385643128335983 1.1805130399648365 -2.8176465095503165 0 0 0
0.14285714285714285 1.5872602042252737 -0.8846791258312939 -0.09350459731744087 0 0 0
0.14285714285714285 -3.9973355919094864 -1.6626206872299878 -1.4211032294026213 0 0 0
0.14285714285714285 -0.15556650863502114 -3.5668537294684746 -1.6765449112162427 0 0 0
0.14285714285714285 0.23402406983256732 -0.6130569211099561 2.1978580162771113 0 0 0
0.14285714285714285 1.312947060941343 -0.3639259017272862 -0.840629942303054 0 0 0
0.14285714285714285 1.0211554606602955 2.321951310600304 -3.3832376392276804 0 0 0
0.14285714285714285 0.5992759937541405 -2.6687014768047788 -1.0884515148343004 0 0 0
0.14285714285714285 -1.9414951909421325 3.6780421777883534 -0.5700411382019286 0 0 0
0.14285714285714285 -1.0377436243149942 -1.6254426263048711 1.4226735973897073 0 0 0
0.14285714285714285 -3.4328470168218925 -1.6921379102040217 -1.1535268887980243 0 0 0
0.14285714285714285 -0.6045173400474657 2.4486244854246038 3.917285141541546 0 0 0
0.14285714285714285 0.5177327191997084 0.595882637764736 -0.19012873847878073 0 0 0
0.14285714285714285 -1.7490144824238862 -2.302175836137073 1.942368100710844 0 0 0
0.14285714285714285 1.09384023261939 0.2731536415645087 -4.631753289971775 0 0 0
0.14285714285714285 -1.074142012625936 -1.6179235184882474 2.6647200443572134 0 0 0
0.14285714285714285 -0.968617304685049 -0.3021412553213154 1.314117418831535 0 0 0
0.14285714285714285 0.32941820597619237 -1.2132626732393694 4.745431791903708 0 0 0
0.14285714285714285 -2.576627647742884 -2.368867315657965 1.8237707936533856 0 0 0
0.14285714285714285 -0.08337191232174736 2.721208848051002 -3.873763398702945 0 0 0
0.14285714285714285 1.1837056763889824 1.340362434387968 3.468684686810512 0 0 0
0.14285714285714285 0.6150834785538725 3.384835734645915 -2.212431750226545 0 0 0
0.14285714285714285 -4.312784659887309 0.7742927150193569 -0.16279877187165312 0 0 0
0.14285714285714285 3.0605682160314407 -3.5092380470660602 1.3047681620081417 0 0 0
0.14285714285714285 1.5792615654420878 -0.33425955046949785 -0.2584508196676926 0 0 0
0.14285714285714285 0.42459926379155943 1.559352244561842 -3.0464209133944506 0 0 0
0.14285714285714285 -0.6569836627412495 -2.4856146562376646 -3.2552584679549526 0 0 0
0.14285714285714285 3.707491728849686 -1.6196172471039862 0.33663707526123593 0 0 0
0.14285714285714285 1.6853905752061165 1.0530028174282173 -1.2545546620884644 0 0 0
0.14285714285714285 -1.8129423512528453 4.277266452039269 -0.1255191871151416 0 0 0
0.14285714285714285 -0.38856571252047173 -2.2187586837829216 2.402057281345063 0 0 0
0.14285714285714285 3.1189836858957856 -2.919585977003134 2.008257860709 0 0 0
0.14285714285714285 -0.5850451306810808 1.6037410995332841 -2.4151582066541772 0 0 0
0.14285714285714285 -0.8017551169995824 -0.9468973811957648 -1.9903369667298907 0 0 0
0.14285714285714285 1.9323544296230266 -2.397474750001498 1.6239356287877378 0 0 0
0.14285714285714285 4.240562848529136 1.5357591856507216 1.4401217820792973 0 0 0
0.14285714285714285 -2.589843333994856 3.306033651560711 -2.0736276647796497 0 0 0
0.14285714285714285 1.2231572532673975 -3.6360761031392608 -2.1676957001560995 0 0 0
0.14285714285714285 -2.3244338087750065 0.17203734179154742 -3.7530685180865238 0 0 0
0.14285714285714285 -0.8199563844493589 1.8794394551965021 -4.0287528298609345 0 0 0
0.14285714285714285 2.1764543129931 3.0237366029049473 1.1482221260633303 0 0 0
0.14285714285714285 -2.5462583558870757 -2.0588236565666036 2.7312056767887873 0 0 0
0.14285714285714285 0.8558299310240991 0.6559932387515355 -4.269865449665069 0 0 0
0.14285714285714285 -0.753229151122257 -3.0890567449580932 -1.0670254283485974 0 0 0
0.14285714285714285 -0.48971341400215435 0.6403344037946536 -1.2422209986752861 0 0 0
0.14285714285714285 1.30855445919736 0.8134511947875803 3.817827738454033 0 0 0
0.14285714285714285 1.0062087470355492 -4.411354222107508 -1.955156926003414 0 0 0
0.14285714285714285 -0.6144516016703484 2.329938947643921 0.7460849508829895 0 0 0
0.14285714285714285 -3.583348960926953 2.344243940357711 0.7186901425368172 0 0 0
0.14285714285714285 -0.25971021682362977 1.068627131987468 4.706097711577383 0 0 0
0.14285714285714285 -0.17172312694791683 2.682131154542307 3.9218025184598257 0 0 0
0.14285714285714285 4.106053914938449 1.61820863997521 -1.1935747965171675 0 0 0
0.14285714285714285 3.5325217369931683 -2.0137236286215563 -0.01501735534014087 0 0 0
0.14285714285714285 2.173726104355317 -1.2116659814875164 -0.7670384176233545 0 0 0
0.14285714285714285 2.2394526857632537 0.6596338931081944 -1.2325166643965615 0 0 0
0.14285714285714285 1.770518390893713 -1.1297474265251528 1.1824958373170362 0 0 0
0.14285714285714285 3.3259485654598526 1.4534553257785146 -0.5772076592411061 0 0 0
0.14285714285714285 -0.06419606038345031 -1.6540605273347726 -2.9774900281103505 0 0 0
0.14285714285714285 1.0767065728753882 3.270148601953497 1.246209334104291 0 0 0
0.14285714285714285 0.3060382474492072 2.1199304090079467 3.568033422951955 0 0 0
0.14285714285714285 -0.6979432279708382 0.4184796549277218 -2.121200464595021 0 0 0
0.14285714285714285 -0.417725262524425 1.7610771687855133 1.6848032126312167 0 0 0
0.14285714285714285 -0.7995602908607856 2.915949994091328 -0.32512390445506717 0 0 0
0.14285714285714285 2.628392549547769 2.531679514471716 -2.266688202235943 0 0 0
0.14285714285714285 0.5464222948060907 0.4861401945412588 2.86920276061096 0 0 0
0.14285714285714285 -4.171692769313467 -0.5878051163303292 -1.315982624554877 0 0 0
0.14285714285714285 0.4136741501632978 2.7201874369200807 1.5597276097308856 0 0 0
0.14285714285714285 -1.5188153190508245 -4.000877504172588 2.1440591048400903 0 0 0
0.14285714285714285 -1.7850896566348864 -3.9134297889204457 -0.8977975349119125 0 0 0
0.14285714285714285 -4.494140020241249 1.1290095231916133 0.0789876563885341 0 0 0
0.14285714285714285 -2.9206925703359516 1.8074359757398297 -0.507380979537319 0 0 0
0.14285714285714285 2.112299683167338 1.3627997090119799 -0.7191494377842453 0 0 0
0.14285714285714285 -2.2249110811154806 -2.736898212245844 1.8156270746026 0 0 0
0.14285714285714285 -1.820704118540039 4.272452661909178 1.4538671027056846 0 0 0
0.14285714285714285 -1.1949446273295345 -2.7748623345252943 -0.607917361800704 0 0 0
0.14285714285714285 0.6920770577551774 0.36796827319454983 -2.617284168447174 0 0 0
0.14285714285714285 2.166213235864183 -0.5612146476391174 -2.7688790256817515 0 0 0
0.14285714285714285 0.3573733249608833 0.4277588572549607 -2.348045984578722 0 0 0
0.14285714285714285 0.37674798798840053 3.847928335582602 0.23778022052464814 0 0 0
0.14285714285714285 3.2020420258924656 -0.47511844452753993 1.2928066901399975 0 0 0
0.14285714285714285 -1.9451990986868732 -1.0392139989616955 1.95377644529168 0 0 0
0.14285714285714285 0.8455821639484759 -4.389726302753903 1.3608937213262757 0 0 0
0.14285714285714285 -2.8296076814009448 -2.9270438158905923 -1.968767458196319 0 0 0
0.14285714285714285 -1.9779205581277732 -0.5105904295545199 0.15722840275355154 0 0 0
0.14285714285714285 -0.5450978172860863 -2.688197145977121 0.2852570355409629 0 0 0
0.14285714285714285 0.7929261297563908 4.701113412368989 -0.5446800624379751 0 0 0
0.14285714285714285 -1.7296898873322029 -0.7201536035818411 -3.4064699202694304 0 0 0
0.14285714285714285 -1.281940076342071 -1.9474301106142808 -1.7167651185608046 0 0 0
0.14285714285714285 2.5264739873526083 -1.9823019180606787 -0.8707755467474884 0 0 0
0.14285714285714285 2.433704938169992 -0.6032523735279403 0.24418297624647511 0 0 0
0.14285714285714285 1.7697908960889592 -0.8215452234190401 -2.642699758589312 0 0 0
0.14285714285714285 -3.7558386583545293 -2.2834206179939502 -1.9886057587940216 0 0 0
0.14285714285714285 -1.452409811012244 3.40785561156833 -1.6436231076928092 0 0 0
0.14285714285714285 -0.742219248193286 -2.6777788532306626 1.8280282636779268 0 0 0
0.14285714285714285 0.19384375973387125 -4.074532663762735 0.7609412708273924 0 0 0
0.14285714285714285 3.8472115235927493 2.3320192615951347 1.9109011212034042 0 0 0
0.14285714285714285 -3.3079420153826296 -2.531239572614398 0.3579852337541626 0 0 0
0.14285714285714285 -0.2400781761104088 1.7008865377163787 2.6018898938683335 0 0 0
0.14285714285714285 0.9475708518081087 -4.684399326495923 0.29711717322343556 0 0 0
0.14285714285714285 1.7249533486443942 -4.2025223366965125 -1.2717646535735039 0 0 0
0.14285714285714285 1.052921030258351 -1.6672962052581155 -3.5017822064127553 0 0 0
0.14285714285714285 1.4468736027406561 -2.402602846395371 3.898518284532703 0 0 0
0.14285714285714285 0.9415800941814562 0.3640006367057766 -3.6795486870898997 0 0 0
0.14285714285714285 1.138651905942528 -0.4490733477875201 -0.08875608223162856 0 0 0
0.14285714285714285 -4.572276630425266 -1.5190848593260007 1.0091807416038654 0 0 0
0.14285714285714285 -1.2125530503663424 -4.419201631442483 0.21363248041639735 0 0 0
0.14285714285714285 0.9119339864106796 -2.5941646396131346 -0.5323405720234337 0 0 0
0.14285714285714285 -4.411724115406915 1.3129342326881306 1.5832497825369307 0 0 0
0.14285714285714285 -1.847614242649844 -3.722976088089434 -2.0209184216316873 0 0 0
0.14285714285714285 -0.97944999439719 0.27400989474286974 -1.0475856406832667 0 0 0
0.14285714285714285 2.7849181220452985 0.5450453741313396 3.8541015945079464 0 0 0
0.14285714285714285 -1.6994089849799128 1.1902304051081385 0.4491876783700603 0 0 0
0.14285714285714285 0.5151925604247815 0.4478749755393812 -4.588388769051059 0 0 0
0.14285714285714285 1.1716280244228903 0.0058023065303416665 -0.22190044300640327 0 0 0
0.14285714285714285 3.689533155619434 0.20507772036757835 0.4777835457912896 0 0 0
0.14285714285714285 -1.80439225820874 -0.10939328813320125 -4.027255263131842 0 0 0
0.14285714285714285 2.4188852120244917 -2.7548023437097546 2.5586910241159586 0 0 0
0.14285714285714285 -0.9299412918752407 -0.5241355847489848 -2.1564353899093462 0 0 0
0.14285714285714285 -2.2667425554987264 -1.4749357958636562 2.5015622767907213 0 0 0
0.14285714285714285 0.030608136963559015 -3.693353406921354 1.339765945825248 0 0 0
0.14285714285714285 -0.4956373404622194 -3.8624520916935103 2.9543568518547207 0 0 0
0.14285714285714285 -1.896898798519629 -2.3458976894547847 -2.759794337101013 0 0 0
0.14285714285714285 -2.632205930678092 0.7293907886010178 -0.5760078146389604 0 0 0
0.14285714285714285 3.2463034940660846 1.5070317168512086 1.5553759944052046 0 0 0
0.14285714285714285 -1.782455304064123 0.42782169414436366 3.7803851806163467 0 0 0
0.14285714285714285 0.5796601214973629 2.7660292890321787 2.247383172379699 0 0 0
0.14285714285714285 3.5062049968759768 -0.25587667828702076 -1.6502390412554504 0 0 0
0.14285714285714285 2.874946951238465 3.00394331878084 -0.9208398145653395 0 0 0
0.14285714285714285 2.797452079185711 3.1568420029943245 0.8884869564017358 0 0 0
0.14285714285714285 0.9380438009996896 -0.765526063480074 -1.3616056143323385 0 0 0
0.14285714285714285 -2.1796219767513096 1.216377083227868 -0.4409898569464987 0 0 0
0.14285714285714285 -1.1028955479548577 1.81177733909372 -2.5346074958842966 0 0 0
0.14285714285714285 1.3783646857970233 -2.4118207842411987 -0.3698179491116098 0 0 0
0.14285714285714285 3.4483602604078762 -1.6876469042842797 -1.8553601964671498 0 0 0
0.14285714285714285 -0.5339232872743369 2.413656462953597 -0.7592546371994408 0 0 0
0.14285714285714285 -1.5658533886853792 3.941056018711449 -1.2329180305079688 0 0 0
0.14285714285714285 -0.924695743245227 2.77809938384589 -3.155118621547838 0 0 0
0.14285714285714285 3.1922268665488636 -0.39739428480403394 2.3430374294231506 0 0 0
0.14285714285714285 1.299345229146907 4.381606355659787 1.7025400361859582 0 0 0
0.14285714285714285 -1.2917874948511385 1.8075272441480983 -3.819859915156588 0 0 0
0.14285714285714285 -3.6851385904690117 -1.0796112128753268 0.5014411237316343 0 0 0
0.14285714285714285 -0.2640010690437946 4.788773812436076 0.47973192208102344 0 0 0
0.14285714285714285 -2.887948732789766 1.276374687943199 -3.6081183490582576 0 0 0
0.14285714285714285 -1.2404171169407232 -0.09352523738037886 -0.8202111950541329 0 0 0
0.14285714285714285 -0.7957707110528536 3.459765227870445 -0.830180932009896 0 0 0
0.14285714285714285 0.4445559582503668 1.1198835309592867 0.4479379405971823 0 0 0
0.14285714285714285 -0.6401941061647921 3.5405515970689185 1.9456845564260001 0 0 0
0.14285714285714285 -1.5534638473206852 1.2367834922513818 -0.28178170208961506 0 0 0
0.14285714285714285 -2.1873944995195105 0.9943334750892932 3.280702216877758 0 0 0
0.14285714285714285 0.10810123494190124 2.6943213675510123 -3.210390831601966 0 0 0
0.14285714285714285 0.4694007533663507 -2.721894612526355 3.2131658255194084 0 0 0
0.14285714285714285 -3.500015917976746 0.6034022069310244 -0.7271954960232573 0 0 0
0.14285714285714285 0.5970753542918539 -1.6386064255756374 -0.0804342899005839 0 0 0
0.14285714285714285 2.284884378446831 -1.7033668219161207 0.8944153624593504 0 0 0
0.14285714285714285 0.6458063500257323 -1.9404046367250511 0.7777235080766479 0 0 0
0.14285714285714285 0.054059522995800025 2.3706058503777347 -0.4135554706226917 0 0 0
0.14285714285714285 4.489554459785332 2.1600297331347424 -0.3227204199542371 0 0 0
0.14285714285714285 2.108854527504058 0.49735392125369526 -1.6015986993222198 0 0 0
0.14285714285714285 -2.3757372285211336 1.8680576363224264 -0.23591549031334363 0 0 0
0.14285714285714285 -0.26204861036114874 -1.5398212131764895 2.7588132565978367 0 0 0
0.14285714285714285 -1.568735095547297 2.4478558296548534 -1.832291515892655 0 0 0
0.14285714285714285 2.2483055420341644 2.7355662807714665 1.425572224921006 0 0 0
0.14285714285714285 1.9867622228041755 0.6635923964766756 -0.8975942895331698 0 0 0
0.14285714285714285 3.0893287973888475 -2.37333612167606 2.966072151890211 0 0 0
0.14285714285714285 0.6751068831043727 -2.882970705256656 0.16889408193155353 0 0 0
0.14285714285714285 3.0751297756387173 -2.2893082494255923 -2.5642723467084276 0 0 0
0.14285714285714285 -3.110125993075884 0.802297785765186 0.009735464694656932 0 0 0
0.14285714285714285 -0.3154893635846926 2.6358520889585697 -2.5828882773290425 0 0 0
0.14285714285714285 3.7940267278569664 -1.519210442415995 -2.757916095302504 0 0 0
0.14285714285714285 -3.35451803572403 -0.934370722695629 0.19612622289269488 0 0 0
0.14285714285714285 3.412293858914508 0.006082077354349379 0.68418247161337 0 0 0
0.14285714285714285 -1.6892827300180133 0.21296593721767654 2.0252280815789208 0 0 0
0.14285714285714285 -0.10095648055404864 -0.07943904660947568 2.8153887619971387 0 0 0
0.14285714285714285 0.9395075815892859 3.724590143725327 0.9135670673103103 0 0 0
0.14285714285714285 -3.7149964034537892 0.3342503655429973 0.021903561385678668 0 0 0
0.14285714285714285 3.728761116620792 -0.6637209043704769 0.6585683438436484 0 0 0
0.14285714285714285 0.8987698246587823 -1.3696472761437228 -4.29697580279751 0 0 0
0.14285714285714285 1.7513971416122482 -0.7662586009448045 1.5499008308846096 0 0 0
0.14285714285714285 -2.1111030373456368 -1.588789627597157 -0.9304253958771513 0 0 0
0.14285714285714285 2.594122811071951 -0.07721003390848907 2.512423528558714 0 0 0
0.14285714285714285 3.1289591768233582 1.3281149456872645 1.0717047082130662 0 0 0
0.14285714285714285 3.1724483485792145 -2.207522348810048 -0.4139459008971653 0 0 0
0.14285714285714285 1.149631051369863 -1.2285735591788591 -0.6897669408736277 0 0 0
0.14285714285714285 2.6931638621806453 -3.024570604645726 -1.5374654129267114 0 0 0
0.14285714285714285 0.17546634861633412 -0.5003316673956195 1.6414241502766296 0 0 0
0.14285714285714285 -2.0431428318513882 2.4049752752809597 -2.412681654287052 0 0 0
0.14285714285714285 2.3912049960570125 -0.9266207830025899 1.5214935845396254 0 0 0
0.14285714285714285 -2.8076658357586783 0.8044308149262742 2.438268819956668 0 0 0
0.14285714285714285 -4.061127378677877 -1.4747943299301303 -1.8738526376526028 0 0 0
0.14285714285714285 -2.5903353035570174 1.8531064310056151 -0.2421470262766203 0 0 0
0.14285714285714285 3.6774048084076534 -0.30784326432205605 -0.01625783992334783 0 0 0
0.14285714285714285 -2.643873717509942 -1.6096425948665793 -0.5460525281762283 0 0 0
0.14285714285714285 -2.466384366125977 -0.4964353779447181 -2.466013883001049 0 0 0
0.14285714285714285 -1.5048166398431104 -1.8607965207954882 -3.791884455609127 0 0 0
0.14285714285714285 3.4231712335837328 -1.700284577185675 2.583937736173998 0 0 0
0.14285714285714285 0.24195594600226122 -4.130890008322551 -0.26258657417596365 0 0 0
0.14285714285714285 2.027505393456581 -3.675464893015945 2.332393922961202 0 0 0
0.14285714285714285 -1.978056127400559 1.785795835922168 0.5251296177271564 0 0 0
0.14285714285714285 -0.2602272209322233 -2.1800237025216287 -2.238946313726783 0 0 0
0.14285714285714285 -2.248302135857365 2.699787586705671 1.528463890188263 0 0 0
0.14285714285714285 2.1104246738207713 2.578708954955102 0.36963077010107986 0 0 0
0.14285714285714285 2.3675035587644624 -0.23701548386127047 1.8562042284224383 0 0 0
0.14285714285714285 1.8486979462636393 -3.935395493902946 1.4463179671588706 0 0 0
0.14285714285714285 -1.4141348836304763 -2.8894743104250757 3.4607643860235378 0 0 0
0.14285714285714285 2.1437893712391434 -1.3488615887548043 0.4070070471437287 0 0 0
0.14285714285714285 0.03736344094520591 0.8692316599837182 -3.101398315430968 0 0 0
0.14285714285714285 -0.3955296385057494 -2.8725879536359233 0.6564553365610215 0 0 0
0.14285714285714285 -1.2726843905024252 -1.5057707965640508 1.5358389729664803 0 0 0
0.14285714285714285 1.6967727245628261 -3.431537569145395 1.1482654937960237 0 0 0
0.14285714285714285 -0.22153808055076502 3.1711606799910643 -1.789422494015466 0 0 0
0.14285714285714285 -2.8357745707716027 -1.2835955044371403 -2.6033746348326274 0 0 0
0.14285714285714285 -0.11329363331757511 4.323869338157115 -1.113577665029254 0 0 0
0.14285714285714285 3.749665955087412 -2.7545769978363435 -1.1867248054636255 0 0 0
0.14285714285714285 1.6153617954648294 -2.1103761115287583 -2.1379839407780596 0 0 0
0.14285714285714285 -2.352446876619724 -0.3860949535411145 -2.157354404995281 0 0 0
0.14285714285714285 0.36734235370317925 2.1396420207162037 3.5655126188311996 0 0 0
0.14285714285714285 0.6272790665668572 -2.506555580616804 -2.9594068455569706 0 0 0
0.14285714285714285 3.8030929981393458 0.18919395706183414 -3.1250613006981 0 0 0
0.14285714285714285 0.8736770541825878 -3.6522705903144574 2.336687913838834 0 0 0
0.14285714285714285 3.486982325922181 1.8325489298028075 2.17444514379821 0 0 0
0.14285714285714285 1.1706402082021345 1.5292157094104246 0.8321904059849368 0 0 0
0.14285714285714285 2.263782018388522 3.2204949760930695 -1.2700810200645403 0 0 0
0.14285714285714285 -2.9969217961726438 2.1829647974394617 0.8299084890126287 0 0 0
0.14285714285714285 -2.623999426740699 -2.126205761990392 -1.4677038580480888 0 0 0
0.14285714285714285 3.6407613305970883 2.8143322621788585 -0.4838453881703346 0 0 0
0.14285714285714285 -2.342895447580151 0.3385584015113411 -4.311926158927922 0 0 0
0.14285714285714285 -3.801921407664898 -2.513946139478642 -1.999051911116771 0 0 0
0.14285714285714285 -3.025223247159475 -3.0223169604491886 -1.2035049266937987 0 0 0
0.14285714285714285 -0.9413550443716668 0.15172484757983265 2.01372583813505 0 0 0
0.14285714285714285 -1.079500109528486 1.8292368354892188 2.685275108331012 0 0 0
0.14285714285714285 -1.8902389484388638 -2.2342978939538125 3.2141923818213205 0 0 0
0.14285714285714285 0.968787682257874 0.02554978364909289 1.0496855476661995 0 0 0
0.14285714285714285 3.617571539251918 -1.4789581317632772 -1.8814173276252102 0 0 0
0.14285714285714285 0.527073220609507 -2.5252442783485347 0.23075531081789052 0 0 0
0.14285714285714285 -0.897181506874001 1.6210566759748528 -3.5652273988833674 0 0 0
0.14285714285714285 2.2264047327412286 3.71469418623153 1.2049002719105597 0 0 0
