1000
3
0
1.0
1.0
1.0
1.0
1.0
1.0
1.0
1.0
1.0
1.0
1.0
1.0
1.0
1.0
1.0
1.0
1.0
1.0
1.0
1.0
1.0
1.0
1.0
1.0
1.0
1.0
1.0
1.0
1.0
1.0
1.0
1.0
1.0
1.0
1.0
1.0
1.0
1.0
1.0
1.0
1.0
1.0
1.0
1.0
1.0
1.0
1.0
1.0
1.0
1.0
1.0
1.0
1.0
1.0
1.0
1.0
1.0
1.0
1.0
1.0
1.0
1.0
1.0
1.0
1.0
1.0
1.0
1.0
1.0
1.0
1.0
1.0
1.0
1.0
1.0
1.0
1.0
1.0
1.0
1.0
1.0
1.0
1.0
1.0
1.0
1.0
1.0
1.0
1.0
1.0
1.0
1.0
1.0
1.0
1.0
1.0
1.0
1.0
1.0
1.0
1.0
1.0
1.0
1.0
1.0
1.0
1.0
1.0
1.0
1.0
1.0
1.0
1.0
1.0
1.0
1.0
1.0
1.0
1.0
1.0
1.0
1.0
1.0
1.0
1.0
1.0
1.0
1.0
1.0
1.0
1.0
1.0
1.0
1.0
1.0
1.0
1.0
1.0
1.0
1.0
1.0
1.0
1.0
1.0
1.0
1.0
1.0
1.0
1.0
1.0
1.0
1.0
1.0
1.0
1.0
1.0
1.0
1.0
1.0
1.0
1.0
1.0
1.0
1.0
1.0
1.0
1.0
1.0
1.0
1.0
1.0
1.0
1.0
1.0
1.0
1.0
1.0
1.0
1.0
1.0
1.0
1.0
1.0
1.0
1.0
1.0
1.0
1.0
1.0
1.0
1.0
1.0
1.0
1.0
1.0
1.0
1.0
1.0
1.0
1.0
1.0
1.0
1.0
1.0
1.0
1.0
1.0
1.0
1.0
1.0
1.0
1.0
1.0
1.0
1.0
1.0
1.0
1.0
1.0
1.0
1.0
1.0
1.0
1.0
1.0
1.0
1.0
1.0
1.0
1.0
1.0
1.0
1.0
1.0
1.0
1.0
1.0
1.0
1.0
1.0
1.0
1.0
1.0
1.0
1.0
1.0
1.0
1.0
1.0
1.0
1.0
1.0
1.0
1.0
1.0
1.0
1.0
1.0
1.0
1.0
1.0
1.0
1.0
1.0
1.0
1.0
1.0
1.0
1.0
1.0
1.0
1.0
1.0
1.0
1.0
1.0
1.0
1.0
1.0
1.0
1.0
1.0
1.0
1.0
1.0
1.0
1.0
1.0
1.0
1.0
1.0
1.0
1.0
1.0
1.0
1.0
1.0
1.0
1.0
1.0
1.0
1.0
1.0
1.0
1.0
1.0
1.0
1.0
1.0
1.0
1.0
1.0
1.0
1.0
1.0
1.0
1.0
1.0
1.0
1.0
1.0
1.0
1.0
1.0
1.0
1.0
1.0
1.0
1.0
1.0
1.0
1.0
1.0
1.0
1.0
1.0
1.0
1.0
1.0
1.0
1.0
1.0
1.0
1.0
1.0
1.0
1.0
1.0
1.0
1.0
1.0
1.0
1.0
1.0
1.0
1.0
1.0
1.0
1.0
1.0
1.0
1.0
1.0
1.0
1.0
1.0
1.0
1.0
1.0
1.0
1.0
1.0
1.0
1.0
1.0
1.0
1.0
1.0
1.0
1.0
1.0
1.0
1.0
1.0
1.0
1.0
1.0
1.0
1.0
1.0
1.0
1.0
1.0
1.0
1.0
1.0
1.0
1.0
1.0
1.0
1.0
1.0
1.0
1.0
1.0
1.0
1.0
1.0
1.0
1.0
1.0
1.0
1.0
1.0
1.0
1.0
1.0
1.0
1.0
1.0
1.0
1.0
1.0
1.0
1.0
1.0
1.0
1.0
1.0
1.0
1.0
1.0
1.0
1.0
1.0
1.0
1.0
1.0
1.0
1.0
1.0
1.0
1.0
1.0
1.0
1.0
1.0
1.0
1.0
1.0
1.0
1.0
1.0
1.0
1.0
1.0
1.0
1.0
1.0
1.0
1.0
1.0
1.0
1.0
1.0
1.0
1.0
1.0
1.0
1.0
1.0
1.0
1.0
1.0
1.0
1.0
1.0
1.0
1.0
1.0
1.0
1.0
1.0
1.0
1.0
1.0
1.0
1.0
1.0
1.0
1.0
1.0
1.0
1.0
1.0
1.0
1.0
1.0
1.0
1.0
1.0
1.0
1.0
1.0
1.0
1.0
1.0
1.0
1.0
1.0
1.0
1.0
1.0
1.0
1.0
1.0
1.0
1.0
1.0
1.0
1.0
1.0
1.0
1.0
1.0
1.0
1.0
1.0
1.0
1.0
1.0
1.0
1.0
1.0
1.0
1.0
1.0
1.0
1.0
1.0
1.0
1.0
1.0
1.0
1.0
1.0
1.0
1.0
1.0
1.0
1.0
1.0
1.0
1.0
1.0
1.0
1.0
1.0
1.0
1.0
1.0
1.0
1.0
1.0
1.0
1.0
1.0
1.0
1.0
1.0
1.0
1.0
1.0
1.0
1.0
1.0
1.0
1.0
1.0
1.0
1.0
1.0
1.0
1.0
1.0
1.0
1.0
1.0
1.0
1.0
1.0
1.0
1.0
1.0
1.0
1.0
1.0
1.0
1.0
1.0
1.0
1.0
1.0
1.0
1.0
1.0
1.0
1.0
1.0
1.0
1.0
1.0
1.0
1.0
1.0
1.0
1.0
1.0
1.0
1.0
1.0
1.0
1.0
1.0
1.0
1.0
1.0
1.0
1.0
1.0
1.0
1.0
1.0
1.0
1.0
1.0
1.0
1.0
1.0
1.0
1.0
1.0
1.0
1.0
1.0
1.0
1.0
1.0
1.0
1.0
1.0
1.0
1.0
1.0
1.0
1.0
1.0
1.0
1.0
1.0
1.0
1.0
1.0
1.0
1.0
1.0
1.0
1.0
1.0
1.0
1.0
1.0
1.0
1.0
1.0
1.0
1.0
1.0
1.0
1.0
1.0
1.0
1.0
1.0
1.0
1.0
1.0
1.0
1.0
1.0
1.0
1.0
1.0
1.0
1.0
1.0
1.0
1.0
1.0
1.0
1.0
1.0
1.0
1.0
1.0
1.0
1.0
1.0
1.0
1.0
1.0
1.0
1.0
1.0
1.0
1.0
1.0
1.0
1.0
1.0
1.0
1.0
1.0
1.0
1.0
1.0
1.0
1.0
1.0
1.0
1.0
1.0
1.0
1.0
1.0
1.0
1.0
1.0
1.0
1.0
1.0
1.0
1.0
1.0
1.0
1.0
1.0
1.0
1.0
1.0
1.0
1.0
1.0
1.0
1.0
1.0
1.0
1.0
1.0
1.0
1.0
1.0
1.0
1.0
1.0
1.0
1.0
1.0
1.0
1.0
1.0
1.0
1.0
1.0
1.0
1.0
1.0
1.0
1.0
1.0
1.0
1.0
1.0
1.0
1.0
1.0
1.0
1.0
1.0
1.0
1.0
1.0
1.0
1.0
1.0
1.0
1.0
1.0
1.0
1.0
1.0
1.0
1.0
1.0
1.0
1.0
1.0
1.0
1.0
1.0
1.0
1.0
1.0
1.0
1.0
1.0
1.0
1.0
1.0
1.0
1.0
1.0
1.0
1.0
1.0
1.0
1.0
1.0
1.0
1.0
1.0
1.0
1.0
1.0
1.0
1.0
1.0
1.0
1.0
1.0
1.0
1.0
1.0
1.0
1.0
1.0
1.0
1.0
1.0
1.0
1.0
1.0
1.0
1.0
1.0
1.0
1.0
1.0
1.0
1.0
1.0
1.0
1.0
1.0
1.0
1.0
1.0
1.0
1.0
1.0
1.0
1.0
1.0
1.0
1.0
1.0
1.0
1.0
1.0
1.0
1.0
1.0
1.0
1.0
1.0
1.0
1.0
1.0
1.0
1.0
1.0
1.0
1.0
1.0
1.0
1.0
1.0
1.0
1.0
1.0
1.0
1.0
1.0
1.0
1.0
1.0
1.0
1.0
1.0
1.0
1.0
1.0
1.0
1.0
1.0
1.0
1.0
1.0
1.0
1.0
1.0
1.0
1.0
1.0
1.0
1.0
1.0
1.0
1.0
1.0
1.0
1.0
1.0
1.0
1.0
1.0
1.0
1.0
1.0
1.0
1.0
1.0
1.0
1.0
1.0
1.0
1.0
1.0
1.0
1.0
1.0
1.0
1.0
1.0
1.0
1.0
1.0
1.0
1.0
1.0
1.0
1.0
1.0
1.0
1.0
1.0
1.0
1.0
1.0
1.0
1.0
1.0
1.0
1.0
1.0
1.0
1.0
1.0
1.0
1.0
1.0
1.0
1.0
1.0
1.0
1.0
1.0
1.0
1.0
1.0
1.0
1.0
1.0
1.0
1.0
1.0
1.0
1.0
1.0
1.0
2.2136753945624803 -4.210697192853753 10.164767278305163
0.06377575034207875 -10.00892088294999 4.398637739114713
-6.058570778365041 9.554384014452447 3.5489110281516782
-5.186482087186948 2.813484526953221 -6.556076035127773
-3.789846028886559 -5.293916142278084 13.38320932103099
9.42038685290661 8.30851510927704 3.727186373411964
3.237132918231065 -3.7797867990871987 0.766997944197064
-6.777389019981058 -8.23767481458931 -2.205558770408723
-5.050577935518274 6.708650764698965 -11.963611559527296
-6.487149668226744 6.604364298892626 8.689171317266235
-4.264958098837691 9.571907427270915 -5.244077061534185
9.420882443128962 5.323419733704714 3.5094187182528187
6.021631380339764 5.950668380832179 7.454229805854513
1.9619523615137338 0.22575913771526285 14.359504619305724
-1.7699861041135352 2.651226318831828 -13.752908589688056
13.4174226646227 -2.764647142817419 1.649067259617599
-7.0303699039953775 7.619604545020293 9.984186860228881
12.273595995267419 -3.8320033675382237 -1.237437647933319
1.6442696566810768 -13.25610503447242 -4.4396979737898254
5.163325410553724 -7.249253158697529 8.630886791054978
10.316993358574678 -10.391812501508452 -0.9524577824921847
4.483235245250419 -2.191848281912865 -6.734527634151717
-5.480431176267914 -9.56198505646843 -2.3968440536732176
-14.400020907554948 -0.48578776919905964 -1.9704726197561324
-0.7521674368238926 -7.749751782710519 7.924407236273564
6.68597346763542 -12.432261464757444 -3.68236872872033
6.3117861037641285 -12.590027873755561 4.560118909631574
7.023802806831659 -1.847118719099318 -8.16534062547217
1.5072529811276785 0.5731926804187193 11.141317517383985
-8.610415396301741 3.2662083532099757 0.45418576400344046
-7.746034116036224 4.474972731386236 8.27264703448358
4.904708807272354 -5.334363552621338 -7.596636013451842
0.45207573013247626 8.064956545737108 5.964584148186291
-0.19519723148183007 -1.9891673807298893 1.5013325251760838
-7.083758843023603 1.6460327882043488 -10.647357128765176
7.892606897176355 8.052988898093098 5.295233907720269
-6.954581128970485 -2.460868035933319 -7.590046329137686
-2.74122149887492 1.197060435384517 -6.105451377576598
3.6875945287860397 3.1016724112710663 -10.406954564922708
-1.8209976500972704 -5.100129770684829 -13.556836288198483
10.826970865584581 -9.109564730245943 3.144651193305679
-1.4379458508932232 9.831133496418111 0.2667545369431529
-11.493457524865855 -2.750024664562777 -5.8357073666029855
5.63777756092873 0.2994860472362383 3.5781183769406137
7.736098962676028 -1.037545445357674 -12.745637372060651
-0.4473141337626983 11.199855678250952 -6.730968817834619
-6.8093170940486845 -7.794532011129076 5.566676539245427
3.4351162974532 0.8156178748833254 -10.58195364657354
-1.3574193369394199 -0.02114572674371292 -7.538841124334031
-2.01655553927351 8.900181720125305 8.759558648160597
5.686669006901753 -9.02500279598781 1.3552985989847348
-2.2702601500351696 9.536229034523302 -8.534635125497793
-1.5943306431812254 -4.492016967690357 -5.94059419259024
-2.9959605020439577 2.806980810794921 -11.849597540850477
-10.956721358092997 8.014137483638521 5.498004414193533
-7.033518965921209 0.4292717745841845 -10.998649768915987
-2.1970307123657675 8.867889092813275 3.7849580299048724
6.498764858857537 10.65067633517168 7.983210606622283
0.3719939602562261 10.578065748331909 -6.431030424932941
-8.349859635026457 -10.40477651550693 0.6429609506757679
-5.1562814017801255 -9.993624366918597 4.637390675968421
2.746368630928258 10.853374466600927 -6.528492885002161
1.721751885622065 9.3112457519437 0.18173582332795585
8.373616847017248 4.360688198639972 1.4916938029620392
-0.4909789993444964 4.3208962483659645 13.01043931246192
-0.5441910190018601 4.239800765464553 -10.239646827000668
-3.670116383455521 3.331166686677905 2.167439234668483
-0.998103169453106 -10.876951316822067 -5.863118019713949
7.808895273100862 -5.368138368434417 1.4507241359515963
3.7140921421671953 3.7960592900885977 13.40167291617523
-3.5384041809590325 -2.43737034595853 -4.737345046647968
13.763939019724063 -0.34394108499837156 3.397302503456238
-0.37191394366769687 6.8826169133528285 0.23756926598971329
6.364193360190352 3.2167599311313033 -11.614791108446898
11.510053335491653 6.523579882681194 -5.586472311546124
2.382715642531972 6.747241499441784 -5.133006989622308
6.602012381578457 -3.4397088940605602 8.136213299911896
-5.508352325840043 -3.6427000319324274 10.137893630108223
-10.814939913032724 9.479968065673491 -2.706493771646639
-3.8982210101515764 -2.689325708801755 3.9058407479268067
0.49829063159352643 2.5256507410625892 -9.902054979286067
-8.957474333990472 7.555142514129405 8.892785708506201
12.59936552514142 0.5570235061131772 7.946290493876623
-3.28185896053458 -0.8021548104397759 0.12623758648328995
-10.000231976757894 2.4297670466836823 -4.545872064281483
2.2328356308065107 3.1594273913420876 -2.375026998614925
-13.400196363372654 -1.692668292985403 5.875943300756444
4.376474648935748 -0.6122180017534543 8.317247172099359
0.29275176206868725 8.545582496068414 -11.245650425695633
-6.860087391041446 -4.99483961879005 10.683861383674204
-10.603273721372505 -1.941374380903623 2.865399554553663
-6.753405902191932 9.419005336376207 8.948962735122633
-9.27934024847586 -7.294185527101947 -3.021562905746391
-6.188288863434353 -6.415198993184359 5.176469392594583
-5.464649163537067 -0.2702559658214041 11.871206213659956
12.690270955680935 4.283555907817686 -3.955871433985927
5.111242950585209 -5.007681206501976 -8.14552251574793
-0.33623640657690695 -8.146556053788187 10.442447619118166
5.154580357438587 -13.106832967590774 -3.213438028427684
0.8748900896906172 -3.9348747686887346 13.598827685127432
-1.5619122312395768 -13.044067931826167 5.492037921229121
6.1945402593042465 -3.321584706679877 -12.658641566251662
-2.0483841879960356 0.91733176418008 9.002247726154623
-11.66823122404256 1.168268684078438 1.0384782293107617
-6.47375329672285 -9.857575100435973 -4.593979933561945
-4.4613897436864605 -6.084165205433859 -1.6250608400238886
-7.566465245079042 -7.6233789794440385 -6.087036530138309
-1.754332593460201 -5.905140149254574 8.488551716715097
5.93867822474197 0.25567525002034525 -11.968468697853423
-14.47484306188155 1.0887673127451456 -1.9480421894501394
-11.037036436495496 6.679323333729168 3.4803973832497355
3.703971832827227 0.9549152805870478 -11.583266179398183
-2.8784132959675155 -7.1894057367935655 5.393851413583317
-8.890727353563184 -6.951153093103694 -1.7051000149261726
1.5251974641892327 10.410045680564862 1.560535677825635
-4.554106342403852 -0.20399946265015817 10.958609487627168
0.5153227652561109 12.923004712863062 6.098422401937259
2.578453190244933 -10.690370794901634 -5.471996998140943
4.273881858849588 -2.967998086765924 4.4966688331731985
1.0395344371256776 -3.705890486207928 -1.3160335673638524
9.642555465668444 -6.53383188883535 7.796484638241574
5.5917971774919835 0.00011009337700474161 4.21645236840546
2.8040651803066776 -2.16989606504906 -1.0886718873372647
-3.641001780157037 10.62694987228686 -3.494927819925327
-7.204867599142685 2.3021254588724687 -8.15362095565643
-0.27325763734603037 -6.293165200254507 -9.457140823644018
1.2776815362468705 -1.8942949064791708 8.4007227309704
-5.918495467092029 7.2116001103924265 -2.091823003742957
3.685442622142277 1.0452434940038469 11.076500534452933
-13.269272224336014 1.2044629946573486 -4.90989406779883
4.722412091676004 -5.19365868922339 -12.04741557241405
5.933791220797089 -0.08424721486352248 7.449263787988928
-10.40022615954749 2.7800868144851347 -5.110822875476267
0.31576756200733036 6.063254490746531 -4.90579183343913
11.401435227629854 1.5420473826465366 9.49560294175797
10.197353356655745 -1.7830395847772922 -4.612643904846898
-1.055606100283639 -10.529314317715686 -6.620613467603504
-5.453269001704228 12.267850763956254 -3.3403624926338544
6.514729331279154 7.369605132801131 4.31471353839112
5.701525880290338 0.8247608173669293 5.820572825689979
-4.708370696529013 4.061737135395941 6.821293012642743
1.383048083587927 11.004760652594083 -9.828708442461016
-3.3733060865290647 7.1124957889003495 1.7373550650201253
-3.184429823933228 8.730259314127816 -9.4828626174827
0.021961171688771586 -13.453503759780485 -4.829185782021438
-1.0734369540782762 7.412657331116023 9.635375784165486
7.399469519546621 -4.810497440297838 3.54271622155706
8.780848790046768 -2.736841133288296 -9.870207978948818
-0.8861235468081193 -7.274130450019912 -5.916825347328565
6.878048820366237 10.065205932967375 8.207053078754932
0.19361003782172434 2.710176093562325 -9.814923422771967
-4.7400593937402045 -14.149611156430337 0.4896025780934063
8.502890363388858 7.550849400863174 6.684341291742161
1.080650369375889 -8.6273251266338 3.819472656063323
11.748721170425386 -4.958831894003829 3.9744819176073154
-5.1475854640275625 8.824724638816413 -2.8957604708792943
-1.0479254994478022 -1.1096019645923787 8.423500736985293
12.139975214266345 2.074783488030199 7.364453811159646
10.619107922356728 4.393813780496976 7.815589855583759
2.983244978982356 1.393738849164474 14.047516787618122
-7.387284577875759 -8.835458891336055 5.845030624135095
6.583956625337435 12.606494983682763 -4.631838965258556
-13.786817285803929 0.7621695313637058 -1.5004888895515696
-5.769316040985126 -3.0756806309405103 3.970343300731327
-6.603405176677551 11.914476148111467 2.29219713390445
-0.8740303980097598 -6.694214405510777 3.9177457880577387
-5.154109230069315 -6.9983509207083 -9.994291669106913
10.672547172607901 -8.568193234338642 -1.652926867247317
1.8868410337445718 -2.1087189281809717 -5.828666733334303
-9.551406148689905 8.616053025974246 -3.4897973403636535
0.7314830322608116 -7.7864939208519175 -12.378525774004709
-8.94193555021858 -4.06182200536414 -3.552867655126101
-3.107612090457248 -3.663142510981115 -7.539842366136019
5.420987282505857 13.62357359639707 2.2983168467112245
2.606156340703803 4.002137724746516 4.558398915414807
-7.777448440454395 -2.1764902283818097 -8.792832792284157
4.762778679226 4.048916050485326 5.189876891036692
6.95690486709099 -3.3712750248057786 -5.553961768326521
-6.448488181863851 -13.292775798280841 2.0044651288557813
0.5555753112701366 9.838084371105985 0.2982825496909189
5.998792224905897 5.277082620443638 0.719089578496884
-3.7214012206715785 -1.2300651503392288 -1.4649763436475036
-4.161522720370514 10.12919314779863 2.0469628012549625
-7.450673428588854 -6.318729470897267 9.3996227314718
-12.087603224470179 7.152981557821046 -3.351084396984518
-0.9016558090731525 -2.4055620570382206 3.0761364943541807
10.820728046372677 5.990529151217424 0.7832354314684291
9.563825866435552 5.231200149932944 -6.217526860683223
0.36458522853755565 7.9935769832556725 9.86642185563231
2.0318284512902696 -6.075047383596576 9.74560422243779
7.622909080101143 1.9245310399508482 -5.20479789867554
6.22319992432306 -5.5712554271540435 10.003510022557135
5.813019519166886 -9.655806254734912 -4.116511133121928
0.1516308030441214 -3.500028491813349 -6.462995777863193
-7.968539453031583 9.839805760787605 4.0226974620931575
6.868517432655331 -2.2511047806520432 -1.027567925964588
9.834246522286534 -5.7969841192250495 -4.401851299315435
-4.624925187911161 6.0021743030915635 -2.525466975957102
2.5563466188306507 -4.561951807777808 10.956576616743401
0.8435791380666514 4.818040489694299 7.980979849069548
3.541148973021941 -8.706479091626736 -1.0437355731957474
-7.658923288478723 1.6385582051453536 10.226065250225346
2.846087986887324 7.989118153381724 8.781477939884383
-1.181167433873705 -5.187884713565971 5.583810185571792
-5.754481995259625 -1.0681306576676182 3.303167280964778
6.356790815950358 -5.445877597125132 -5.1029601817339545
2.014453790016511 -5.339944251588529 -13.683858798105412
5.385780828095335 -6.857406814522508 -4.4375259597545496
-8.289851286808961 -4.12376269203186 -4.409425787937183
8.130403793805296 -1.8044762306350408 10.964488894943878
-9.58263824620572 -5.639050187806611 9.367717914195836
2.3201396760007396 -2.7101797994842 -4.72950117491081
-4.089831626230351 -8.979015240641477 -7.7603041709154095
10.608697591542912 4.023131184684192 -0.5796602283685762
5.2812238057037115 4.195741902191968 11.896488517241172
-12.33806403770538 7.074509774887638 -4.679792518163385
-3.4266821118167377 12.381014842533528 7.187158682774771
6.688520942855868 -5.914163753079418 9.754268726859454
9.776342933146255 -6.829855243507561 6.030671555223853
4.715427801425461 4.416712485163844 -3.785012960588657
6.738763532001888 -8.048227070081813 4.221295112039085
3.6449728780837427 -10.775806126913738 -2.0538819929545493
6.448960383168104 -3.7677637357328435 -2.8510850127256293
5.111907673793023 4.6871018772850945 -12.042310583408828
0.08089986671045303 7.993979239551121 -8.588058128634609
-1.720717878778857 -6.591469967857335 12.765939749740058
-5.97135629369488 -8.338242475171691 -5.627388780254326
2.3335271005718723 -13.818143041195105 1.2448713365213209
-5.374180568467152 5.454762873614532 -2.692661045025662
-10.243119514854955 -1.5100856831057687 0.2727795638490658
-8.97154177180883 -4.012082684832165 11.258445888657171
2.0284973574305702 12.226121233503216 -0.38619951222165133
7.773431002998606 7.7262217249829925 -5.566363403983564
-7.95847161741614 -7.715326510450714 -2.6834742605573885
0.7046478574355041 2.400756504248686 -14.151187067467562
-6.280541314873622 -3.790804429984457 -11.680409117576916
9.347272777698075 6.854885505351624 6.129187669024883
-7.476152877349129 -4.91734190367865 2.3379887366895264
8.162826162084487 7.080146346056893 -1.04906867996281
2.4202158709911 -0.8716886175876442 -14.513632070831667
-1.1891857780081398 5.340681787922723 -10.158501826933207
8.063849359775611 -0.589527752932368 -6.179581602096982
-2.2145211423422824 -0.7792640888829411 9.049647405224725
-2.4922233914846923 0.8089097602697074 1.3339585271604537
3.0128683532598495 8.422181113730568 9.415584271208639
11.050285662131547 -4.669980995079969 7.36793188475719
4.017245044064708 13.443721771802768 -1.0376394638889044
0.32311251485330195 8.608689616148506 -11.838606025791007
2.328807735726527 -3.6136340809988776 2.17093709726538
10.65201407842754 -2.4135644638803635 6.811124464404089
0.9480551671816206 -6.498120335152879 -1.7789431215643636
1.7953836583632525 -14.0744271128994 2.781183299737677
-10.034050275299949 -3.1698624737600074 -0.7187050344637093
-2.9043236277902436 -9.384021972741138 1.2955782424457565
6.4234929001859 3.707988464151443 -0.3082085188890409
-3.670316805212054 8.232452987464283 9.172265542712214
9.772284567702428 7.375740102155573 -3.9177591969227064
3.232608129410236 5.492358849651754 2.1508626667885657
-2.7685924302041403 -9.76223176999989 6.9486797160910525
-5.865548942514915 3.0299090422366644 -2.651840020877626
10.52335642359809 -3.4556007171382124 5.479095158596072
-5.789783391708857 -7.276408907532007 -5.439694433542105
-8.997083217492845 5.625652608220825 -5.1766176200649525
-0.505028214534067 -1.3069064536251624 6.6148962995138785
7.098290446888023 -7.001865662846371 5.064240378899943
1.8890226824330907 12.88902049924675 7.321175343900278
-6.08064075665635 2.548239895463695 5.4006519085969575
-8.54291279311986 3.3613534332422725 9.86125690914197
-0.5766221251238857 2.486276627679414 5.904005513969032
6.578093351011009 1.4995627558599454 -7.8381356484032585
-4.128207536776944 -3.732291104658923 13.870091140265147
-6.3078713018647035 10.5931726788266 -7.820942021117339
8.29769059492853 7.065392214591659 8.458782549418144
-10.32258677097676 9.370824780420435 4.828569659314062
12.279568950008784 5.200009086599825 2.0000083600358143
-0.6164651877355086 -10.170817936236766 1.2626921045187554
4.3314712725469295 3.1383901423845404 10.372836467499207
-3.352290980538482 -3.529822458488708 12.275721673518039
-4.594035621227552 6.168041239813707 5.420618167915624
-1.9906185221547819 -0.4734440767769644 -4.461449687650834
-9.38075942992165 -6.992409328214474 -6.422483689527587
-0.18984991822408956 6.131121206432632 8.72606984126741
8.15012236109031 8.175303891580107 7.279306591865153
-1.8969650897526467 -6.463896867256959 -12.73340280992532
8.092171144095483 5.102586769199669 -6.984365433605082
-4.921166379933367 9.374307568993947 6.331593151907456
-3.5911498202699903 9.001592811023217 -5.150777499334291
-5.643467560962235 -10.590747287309338 5.270687665065101
2.058168326645257 -9.712526648866604 -9.372934165415202
-8.48984112493691 -1.5674224358200954 -4.401822072112505
5.320730685951004 -5.263699011236928 -6.41683530697566
-3.520312693175838 -3.5776295644363296 8.383517523096456
-12.721389214768955 -2.0851304945630558 3.7307979455066103
-2.57141198696923 7.751315730523823 7.022308294859906
3.462021257227399 6.588899333028026 -10.075798623920447
7.33148891304008 2.7097945435645934 -6.428177824486723
8.779117903603463 -6.618988252299059 2.6533099440422694
-12.896005055263494 4.005670467282342 0.48818510680272936
-7.516002695074706 8.20623075884931 -4.40246378764548
-1.662494143007878 6.0071095450745995 -3.32360498940154
-4.2779578271940215 7.04530685658001 -0.2724949650373346
2.7284330328655733 -7.481647821485178 -12.041119283930616
7.077155108766759 9.6891931995143 -8.435768665410235
0.02156903709058586 7.56828577386619 4.198016824234971
-4.421637726605596 5.933495374662494 7.915917209314326
-10.463652575922412 1.7612738803838812 -9.23278540960094
-3.8138870026239826 -10.130059750341797 -3.4629944280245946
6.6264681707045066 2.3216144829846703 3.6216650423746697
14.797063091168445 0.4292059206008822 2.0886081722548284
-1.7528156729402729 1.9765387606921503 -2.6411486870406717
-1.3923538798089823 2.2769792105836637 5.204667193573155
4.638215769864673 3.7104852561669284 -2.4082664991050566
4.970440399782786 -5.834450618267257 -11.510684836979749
9.52608404785069 -4.511601137723073 -7.162809631068775
4.487608912328981 10.169812295720162 3.4818591271596646
1.35911600435316 -2.1434808326015022 10.376008010391073
-7.7785334213793496 -6.478871278843978 -7.592904002672934
4.6650992568905725 3.2259616243695404 7.565290848657003
-0.006648157532018846 -8.936830453753982 3.4580491813342067
-11.885538150988479 4.403132935292761 -4.478040841377734
5.851927221995431 6.4233976277795835 0.4635182640436587
-8.59529199226899 6.668125641043017 -8.763905237627998
-11.831285364468162 -2.8552972125785785 -1.051591099823167
0.9975521653514382 -6.356360193263958 9.547195092708185
-3.75898994907638 -2.120726337028736 -10.77394490977728
-8.803609727169958 -9.16745290424193 -4.343494795039516
7.35989534426277 -0.039907407453540135 5.575815704191564
8.920310094156129 -3.890409041673214 6.991028637253092
-4.167848895319932 -11.254021021950946 2.6609630187744093
6.3663527488614715 -7.213150549450433 5.655641605581386
-9.949249923142574 8.564878546911649 -2.8180153453327166
13.679168682718451 -0.2740974820752032 -1.1062010726259583
-5.20498527619443 -6.641665908594905 -1.5562156139121335
-11.060610208735211 0.38467655100762677 -9.882269529114229
-2.853860981758668 -3.1314337061587376 1.4480503756184127
2.819141723522372 -0.7502398784146882 5.2951832640502134
5.243634185035696 -1.1401903222744156 13.068112714116802
-5.854692694116704 -8.581100553101157 -10.658897089509043
-2.9057311305659614 8.131638083957617 8.495598180975017
-0.2755505594302568 -11.555417499697722 5.554641908408464
-4.5819140231434465 8.501131236345321 6.155056828941773
2.563071595905043 -11.86833592466191 2.5710343095295594
0.7634242154735394 0.6373016393322501 2.435292032805381
-4.775130749999283 -7.1857782527824225 6.288967830139178
-0.19243401113023303 5.204742535747764 3.4621093344936935
-7.792078622695078 8.676101123787713 6.007890824198286
-4.201504635444068 12.379041550123036 -1.9799765031920924
7.634431153740302 5.857061729997185 -0.374116287881498
-3.683381082974003 -3.5927117192781917 -4.547555330622365
-14.292116943770452 -2.2283191127985136 -1.192545600987922
-2.558872335759576 -8.322341007268943 -12.203674696558062
3.719782380876071 8.0234752660858 -9.289230210067641
3.427793441915034 9.387895116618214 -2.594901737517843
-5.832039017822133 -7.458661583648051 6.4054193816430285
-2.0449623314525582 -1.3693452717654448 0.5201461121005447
-12.332476522415531 0.1473444177690131 -1.5466567794608004
11.194305540972891 -1.5982268745377541 3.713962483514145
-5.855567736924328 -7.320745131425065 -2.6313427779466196
4.349952737456583 -1.0422956543419382 5.460454632744292
0.4397951764161011 -1.8361417194461367 2.906981420390594
-1.9975627829769687 4.367211672909277 -6.367263391361605
-11.758630773516144 0.5394609940152717 -4.107652146556824
-9.897058508726616 9.84560710091584 2.311925518831048
7.891155322950148 -8.669009349383078 3.8664196799316697
-5.505257257429483 -6.770116453257083 -1.3725616221579051
-3.5749438355895546 1.6364571576773532 13.128829840280382
-8.418781368377669 10.681925474493443 -6.255358548387137
7.816681958907896 10.12742612393946 -5.956857193143054
-5.916444985757691 -2.5567013009839443 -7.455415612441774
-0.8051216548302653 -5.600490919793555 -7.658726118244764
-4.171396994946193 1.7206603990337228 -10.600506299307296
2.180684935649396 9.923363547241454 1.9638445821212516
-5.621402405446964 -0.3778686219338133 5.224830308208083
2.423766285489983 0.8532263440473279 -2.097308627739783
5.868974709193211 -7.336753455937285 2.1976171245258302
1.8007527194285287 8.778374231042577 -10.432585916776617
-7.313775719108454 -1.3248961913949766 -10.006196821807832
7.955751651487402 -10.257619182454308 1.336340484516868
1.3575124282518054 8.923289486938687 -1.520325441346739
-3.333953431847195 6.893384899653702 2.4201156158182195
-0.6179884652993495 -7.761268502638007 -8.19514404481996
-1.5461834022148964 -11.39249588499713 6.046339902804745
9.646560562894921 -6.724081331044004 -2.5299869786445117
-7.0677837803437775 1.1574136715615786 -8.613867390752038
-6.43167154283678 0.6902257850736614 2.3872386375826995
0.9698885902420934 5.131424394597023 4.98643676316197
-11.60099846564379 4.146202350201767 1.6757433608841696
8.523770395160849 -7.212293201796947 2.8131769265574906
-5.494269942655474 13.083188632255357 -2.0504437985667576
6.448643293583555 -11.214834446089842 6.886743888401677
1.8600044275669794 7.5858394358788575 -11.526935100324604
-0.5195687016067008 8.280127294708521 -5.892665253274999
-5.6492843736600005 -4.65882150743746 -5.852555814508795
4.374095278751472 -0.2625743671301055 11.19839340004195
-2.6558600016912606 1.3115816885354554 10.156269720563406
2.495384100630452 6.211887899763772 -3.5003975891950576
1.7748123716024813 8.318847174735765 -3.7931771943829053
-5.653436048142638 -7.815248270290478 -2.663479718465201
1.1189701970638093 -10.265788017994886 -8.598479786722207
-10.023998060351925 -0.4834431770459955 -6.189561836196984
-4.102130908032353 5.42178387233741 9.502612514414036
2.898573052688588 -5.845597506076266 -8.160807226788258
-5.742870419133413 -3.078797297753831 6.882937500847468
2.5161911092544877 7.951371478033856 -1.8385394940432225
-4.732805006151481 10.811687662942074 5.895952134390172
0.4240733749699884 4.160691314204755 -11.216210703950878
5.76494486346316 -4.365453979067033 -10.370777519132416
11.626704411612966 5.435679431578901 4.857766715014559
6.1586302868049225 1.2904893340924775 -4.443212068191654
-11.059936666501871 -3.865804745773083 2.8683898217500405
-2.3145200312026812 9.633149144163607 1.2685176224109644
-2.7353448503370954 -2.919367103609199 3.779503938486905
-9.98896083728248 0.446441904797113 9.632522641358324
-5.175025410239335 -8.205351762215159 -3.355950767244246
-8.788454850902815 1.3912494803323392 0.8228081675810471
-5.892938805436624 10.93020320790311 2.6567173675927367
1.534109571379042 -1.5357362579248368 -8.876263045176572
4.560612352474993 -0.6262418516231235 -0.37524429995765923
-6.345172431285673 -6.71155825280344 -6.4425537261013375
-1.0855106040484304 13.308745132664114 -5.676589888007103
11.14839126511833 7.383814503747959 0.6131715581515761
1.1920947240833946 -1.336094471935814 -14.313830715890132
1.6729626227937582 4.915683775116715 3.4241544585493817
9.731384862768143 -4.004486505294982 -9.298152634056727
1.6149104653341422 10.848580170616861 4.029295561593895
4.337316955314634 -14.160075221769342 -0.7248249444242106
-8.938340387437812 2.8439404715597263 2.365780307299188
9.12373675676828 -9.958967665674626 -2.531447035257459
2.1722923081807624 0.032556418143535416 11.536916667906848
11.776472389351202 4.228703169474776 -4.815664267573084
13.101268348528139 -6.177782929427287 3.551373074255572
3.9267874701852543 -12.735976685325548 -5.245872695017144
-5.8686154636793235 -8.558561206804999 4.862505252231274
-4.988538748609429 -6.371369814568228 -8.851313814209254
0.9000662913166095 -13.814013032115161 -1.0536898941783561
4.6272120268325425 0.6907347983352221 -1.9985666690606434
-13.59536480678978 4.149313673221771 -2.752283787494313
-0.8544908847868757 4.598229209135822 3.9491371126372665
10.43665920212961 -0.7921540735545307 -4.770452175249104
6.739587462757822 -3.4359977525657444 -0.4426809995502835
-9.407273092060317 -8.664998489991289 -6.503606449144642
8.433993544929493 6.8923590089552444 -6.032842623701594
-5.567562108858376 7.723489469374075 6.68007181991594
-1.7263175152086918 1.8490917402567166 10.849430236800108
-11.953160266930768 -6.626094652818437 -5.490326002192885
-12.938933056729056 1.8023496943682933 1.9138202850409793
5.017424959622569 6.403844506058357 -2.075512461467201
-5.103725114522996 13.24371138837862 -3.938539520944363
12.737721371739216 3.175954743007194 6.100632342237728
-1.819201937894196 -12.015272473667785 -7.834975248347573
-1.3888128389237802 -9.808283270861228 -5.445896792612979
2.4838133457000215 -3.686585921228099 2.256983575130936
-3.2794572917897358 1.599639482688444 0.9911823728534077
5.247616132159306 -9.032223238770387 10.478382750295195
-10.37822115978618 2.7559438315988785 6.617040120098221
9.601333248544313 -2.8923964991203226 8.17365106572936
-1.5116529492131585 -5.151393264746191 1.8539214135701048
-9.084597855147038 7.365336306457701 2.833168037238352
-5.757416107031448 -4.225091949913339 -2.024036353536153
-11.258021101797603 1.3050702939267804 -6.3463074345909805
-7.77739439094569 8.450953899429392 1.070647301654596
-8.696637639412636 7.744865041919516 7.777255979876391
-0.6624580489407542 -2.3890611497690326 6.002352475666305
-11.951678994505073 -0.6676442028300427 5.750951617137582
-10.239008211633195 8.280948373415566 2.0898740490060583
-4.448153415782944 0.6473547229422956 -1.5580696832212155
8.218752500869018 9.269126463149764 -4.16430580066685
7.623171683414536 3.3700485870725942 2.3981283594743137
1.2990155649785207 3.789135634686269 -4.302484937039312
7.3919472757812645 7.1076221708427525 3.5013112568255735
-0.4622930665209545 5.313916106708719 -7.581539063838597
4.957557383728453 -3.9658149244339773 -0.9279264086523533
-2.2481657185053283 -3.5515560512947273 1.8473454675198806
0.15560059100225104 9.119246634758683 -5.510417281757388
7.080870395908907 -3.884567554749396 2.0179662542061343
9.282964510240678 -6.35746459002288 9.503960668768444
3.496798579503649 -3.9864430593671196 9.712428122167669
-0.9997608260703805 5.362295116519917 -5.52160164603098
12.898337589440255 -4.9454501859645745 -0.5768208834862014
5.872715718209795 -5.013413998579362 5.7282755177355655
9.867457000709889 2.0505388826749518 0.010091879564634282
12.8172972975317 2.5331278788321816 -0.27274167697301227
2.8499043764198526 -3.1593748207720735 0.2113460288871629
6.4746966276027935 6.80745272852722 2.8524754424234744
9.641825096081165 1.9438312426982254 8.419721833521715
-4.139834825998687 -6.109368048293996 -8.356744714140106
-5.3237606261591575 -8.67899676467451 2.472574142270041
7.099563280114732 1.0910799464684817 0.19454213623666416
-9.162143219332522 -3.9241638229169915 -1.36501828950702
2.107162600004707 1.2266915796248574 3.8524420739079375
1.0193315828585905 -3.819281306786539 7.000460590000977
-9.045285219117135 -2.5067097578753255 -8.704444861622534
0.05870049428373608 1.165264296898502 -14.521315586876943
-8.540991991579725 -10.533494696010285 -6.130105345859307
8.530918982715976 -7.811452212594743 -7.459765426080166
1.8345788562830716 -5.431212662698156 2.3981977983158993
7.430459688965365 1.6233491564057205 2.0720200853434907
1.6522627372544598 -8.734798038727346 5.386016457931569
11.41342225262922 -0.6064956915466336 -2.4502530295726217
9.31261488378631 4.535297940286453 -10.801360365507806
-6.572061029551991 -5.940751866418168 -7.522697472709389
2.338312526305711 -4.805829804396065 -7.042570596055787
-3.546847200633802 -5.2364116269590735 -8.466582886093642
-1.0963516320276494 -10.685543930483599 0.18861307437168734
0.3171817077736682 -1.4266547050275418 -7.495084314763507
-2.1814856320382843 4.005286424614141 7.012634063753092
4.039362063418051 0.06814580832935153 -10.68920615341707
7.709113703501973 0.43533929556714446 4.04007453823416
-0.8946742698503514 -5.619018408488865 -2.628382830876611
-9.703666650861633 3.9227675415901624 10.69434230010731
-8.453452343115366 1.5207524408190662 9.687415921746135
1.9984883067646309 3.5526568907003924 -10.956447636284475
-4.085608106580757 -0.48550049099045683 -9.57930411025221
8.507393185498945 5.583942703281225 6.718022822573165
1.45511969698087 -6.355392305316078 -10.200199796150324
8.18475892108812 0.09930374884037073 2.8936044502435174
3.481911510345459 2.2745117145619496 13.430920503141634
4.892043095972392 -7.571343516532861 3.006806810232117
-6.5863584111138 -2.8699779876923297 -3.237841513896128
-10.326893786989952 6.505266657753016 3.6114298756185454
3.079814610626506 -2.513417260066355 -7.863093927776232
9.429378321778831 5.825807455385471 0.5945466336009504
10.467514531908735 -3.846075976769644 7.358615810658515
9.043623893970764 -8.480506300315243 2.969642241159554
8.391818376073267 -2.0530927802544503 -5.358328179516996
2.565227120508143 -11.87974871937291 0.877065171443966
-9.323985794416354 7.882646824204612 -1.402200785605295
-1.5067507944404237 3.733392429109265 -10.16108113087272
4.946818955139625 5.574061095974915 -9.605441271426164
-5.929107524083469 -10.029497180535284 -5.084684349507413
-8.042988524187415 -4.432917828757788 4.1356689822738835
-5.531948920024699 -3.6980727750107563 -12.45850749343555
6.645682646797072 -3.19776111338957 0.24187597879066158
0.28931800870823 3.6073826487527536 -3.9036588927184646
-3.0038326887803306 -0.1597418885642632 -12.700513666235178
8.697411146701038 7.660695280367555 2.309283560457375
-1.6030882020503034 1.4498397431358638 -7.274979131383838
-5.705251674128337 6.621485516361072 -8.64742191925357
-3.4067837910253895 -14.452485439866754 1.6652289283038264
-7.369729915874222 10.72586463440968 -6.160033303756545
-5.926046577086284 3.029276519269761 8.876503359690718
-3.708386458786933 -4.196492583082177 -6.73035945197053
-3.622017947584489 7.310905826904222 -5.533219531094419
-7.874591454162751 -3.4965697082354095 -4.814974402926951
-4.6722391181258605 -3.8421206882677637 9.245016985042087
-0.15223940481632348 2.2284317478003515 1.6304037157384197
9.830269772637244 3.2623944106694704 -9.032636894372953
-1.6027911531670616 -3.3217480893786884 14.422295473984583
0.10073831916556741 2.013209860936981 -13.784198338157623
5.324857266844305 5.602920352427595 3.176096360552713
3.7280499574271366 3.18524559683305 -9.030749662442934
7.0045682893419405 -2.3688428063406537 -1.381148365761403
-3.3036804023827138 3.317419614925315 -9.575174765203792
5.608423181080465 5.082961220925989 -7.653396960763405
-5.194349513495261 6.663734256721734 5.5464860486693635
-4.518801906237129 5.049341082736572 -5.922921191493454
14.074167582613212 2.8079413281429906 -0.563317567431288
1.4797176957609237 3.2742532921598966 -11.287070906228433
5.011010516510076 1.429617256784093 5.090187593447754
-8.621371522061374 2.5190517765392153 6.7025141558591415
11.831053994192292 -7.808032004732045 -3.0888962536690867
-6.365179850664747 -3.504909501528683 5.223019943840757
12.26603458993604 -0.5936581776471825 -8.294323116857953
-12.62911654766126 6.39239777730139 -2.7358293469646555
-3.3169524176729466 1.7183695566413164 2.6264790168195935
2.8053763373177847 -8.348684317285992 -11.262730483795108
-3.718909554267712 4.059645960909409 -4.815141021531188
-2.948120119489932 1.8905329731360871 -8.636217959894385
-13.213869290333815 1.693384485409979 5.203776912626057
8.92742534787529 -6.491249154571078 3.59828689247995
2.0135850013065473 2.0412952923715473 8.099457351236495
-7.163952855527933 8.487330502443648 9.227050641403618
11.900816345881205 2.2133764532730336 -4.437020256437175
-8.143159321470037 -4.047574680422181 4.321015293880694
-3.8500116915393297 10.225306117802209 -4.381655073248816
8.11610638938876 11.9142174642162 -1.0636562487199779
-2.95628876754541 -6.498529975260305 -0.38777613482877327
5.446341861454319 -5.808640244481052 10.493111003616521
-10.154843227959095 -6.925571591201276 -1.8309328932591669
2.180839987860758 -5.499146909449783 -7.510269116163155
0.11736114602324504 -1.6252220405022932 5.3574381986837185
3.2376297805529055 5.323871660522811 -7.520403260351291
-5.4402435488551 9.1891047120111 -3.1107133438236043
-2.0148325965839695 -6.164730151208443 11.72838417080659
-1.596334786215909 8.327672873265001 9.029930845867828
6.160103957325553 -1.9327796925539233 -10.446585057665233
-3.6289129120932766 -6.435276398638232 -6.660151765055891
2.7772992349532637 -4.495222538259284 -3.9661956740641746
-2.4864827290791975 -8.33694558592919 -10.977587556051377
-2.3163972159245834 13.075074766838013 3.956354807447794
9.303402050799196 -8.829172524557015 -1.1596287956640547
6.365997584628778 11.232401241765283 -2.8221726848485957
0.14054953091776107 3.302681156221145 -9.175785025726988
3.2430701064191303 -2.248619102207951 -7.337050103249284
-6.458517254621612 1.4222781472974098 -6.278581138336266
10.068444087836307 4.93362774784251 6.750093328210182
8.584335432773694 10.27544877966569 0.6193400281434579
7.9220360666895 10.022920665008412 2.8947480389858455
-3.1548079894883085 13.522466645846743 -3.531369235574176
-8.121133770210196 2.5076735488301085 3.499875308778608
9.52276823036594 -4.665339335991821 -3.1447329011681813
-1.4707730151206921 -5.314681379362237 -0.9136911440691984
-9.659921711596587 0.6341467196594552 2.419568893226803
-4.263988325392784 1.141180229499712 -3.858806013221857
3.8156059100070006 -4.129092740646857 -2.2374734064326773
0.008013757445066026 1.972942099615478 11.805230656807524
0.6954605994832533 8.362539198221537 7.838063177577183
-2.8583273815452186 -8.07236007816685 11.22414894887983
3.135441798397988 -7.46468288329108 2.4668709264443573
5.087080822791586 4.048155847738398 -6.336057807824137
2.616475142750052 -2.4353880003003976 -5.730828887809883
9.522906901987966 7.143084271579178 -1.8195201530128884
-5.912109591927061 -3.144878777866793 -6.623380723143748
-0.2789127243321509 -0.9999947129347175 -2.304486127566562
7.0617276283899875 5.276302108985672 4.239135631297284
11.513443788525613 -1.834354734045708 2.2321082021398118
-1.5660793587229316 11.36688164797009 -1.4270665145146284
11.328979012270715 6.181906340923337 1.0091970716904393
3.2059114916002187 -4.98026115874768 10.371347324702711
-1.817782218151111 5.156663892523438 3.754191424873083
-1.726346954028032 -8.875713569981487 -7.413933218199611
-11.605667895667933 -2.928060855240554 -2.851507027059006
-0.299384813436867 -8.782332271508743 -11.011676308025528
12.676001921641626 6.062907406233028 0.4545616310708012
-8.077773939443208 9.123785615720692 2.9547626649484893
-3.3093377436306715 -8.913950978911142 11.581449792606682
-13.042771592249778 5.607442108823822 3.8911611147841096
9.982658888239566 9.791191234142149 -4.869326105018671
7.081999115995711 -0.9196864759012416 5.5652594615973054
1.0248469445669002 -10.082371310538074 11.005897665636041
0.7507218182191551 4.880408288492594 2.553626971908577
5.420207277626587 -10.041165674795062 -2.8900778624285888
10.232386207208496 9.384477764889033 0.09185852923962966
0.24742048493728083 -0.3964938980156471 11.088326379964101
-8.003364805523141 0.9524693933138118 12.110190549017346
9.284244167365712 7.444320315129726 -6.900094473347109
-1.3265012593787897 -1.8279020826141132 0.33509967928701784
-4.113234772107726 5.587911390831075 2.7320825535982407
-6.695622083327596 -4.02547265712133 9.400808118470438
9.279465971271213 1.2187376157180296 1.7925314051613972
5.486192676404252 -2.1594730065629846 -6.086773403288054
-0.28690987321018485 -3.1821257105344394 10.276300313671502
0.45380768909418534 -8.177539929832255 11.647707795950835
1.0741355092761857 -12.838265499177336 -4.54419992205755
-3.528200951490519 -2.4426939627298414 -7.24049400256231
-6.0915063045870745 1.9956828064066066 -5.149514583379013
5.069107283595453 -3.0092942267384113 11.472433603844093
-6.498140201820634 8.56103499962822 -0.7034978590855164
-1.5835289174843414 9.683129035966267 -4.506067605939681
5.784051925663971 0.4823936015654686 12.569443118228817
-3.0293786010839825 10.126317136311785 6.296685503915295
-12.842123235967057 -0.3716645327963595 0.34515269631926354
3.2131115076818686 -10.709700607642233 -0.0066515259168604245
-5.199952751668327 -13.165062820832704 2.5900281494896182
-0.42006390192828297 -5.406084871054714 13.242951637271762
-3.043238381489479 8.847470822778472 0.30327910155168203
-1.928383345489403 -1.117722918139802 -12.123652085493138
0.4836496585246732 -3.12811725593041 7.638388740967625
-8.419761660985506 -8.100701419305219 3.1502021495075265
8.579550326078692 -6.7334708696358305 8.990186273622003
3.817928940748226 8.101936657431354 -5.524539749137745
5.102364179640495 5.814688517694936 -10.404784763601151
10.753667911060957 2.087864910360793 -4.615955907934194
9.592503683488074 2.16238286213857 5.407100978679457
-11.479011365291313 3.1062660464398517 -6.5269740233160665
8.967132738557703 7.36143586069738 7.074873788107586
-4.5607946446558305 12.445459324370903 -3.511310338343492
10.923469865387268 4.380837989674755 0.5682783746269525
-10.71783157311067 8.32711995302166 -2.872781047272243
12.958954173338341 3.181555596979628 4.55830507453103
-2.3583465469444613 1.7566661968158883 1.4413480428814256
1.0379765145942537 -7.224669884888032 -11.527294176639412
12.266364259227936 -1.2886610014542932 -3.435209543480332
6.259907822883217 6.212462158745077 0.17558994887903565
-5.551738406794392 5.727041506429304 1.4962064212963295
-5.7673970739825196 -7.76894484048567 8.077946387154197
11.760290672059574 4.148169570686655 6.563964845502146
9.656256985813755 -7.821277001346903 -1.5577646899572373
10.76094324275164 -6.274409603055265 5.617183076926458
11.270981581270235 2.083356071406231 -4.02121375909285
7.608171534381145 -1.7700063957561434 5.877267133774586
2.7407887631758485 1.687160040299912 9.497913297789049
-1.7194414991036349 4.643815664609269 -4.698002818805162
10.928998599572779 -3.3721023951517037 1.8182780107712702
3.9979712443036006 -13.686038443079516 1.1633804978705842
6.647305155670154 -3.777126621639973 10.712526498503083
-1.955563758572876 1.6590892510491928 7.731975911938789
7.450097992441839 4.332764333479889 6.239290352613334
1.901644659836519 0.7933504216604395 5.5762091959066495
-1.1075814547686653 5.523248166938483 -9.177595284649993
0.6163564637047033 5.478843069240155 12.1765333457171
-11.965528340357118 -1.2368717904818871 2.0796841811328575
7.974983231473334 3.6114505362743747 -9.343309241313115
-4.573334096485807 -0.45837541432573803 -13.233125559971349
-5.95986655524849 -1.5281246660222554 -5.279334417666307
-2.4632129291920912 3.414833307471813 -8.72537924332027
9.29724169772014 -4.271553693127634 10.433336624988767
-8.438421096044616 -8.866736476426883 -5.929930990853868
8.14355805276444 -7.393773534141422 2.153946076623395
10.488760008898964 -5.986462936610545 7.192579899745616
-7.2655048229499135 3.488409572994199 12.324272814342725
13.414844472238443 -4.424524082498459 2.1747784722593564
-4.301388542830234 -4.842980643777369 -12.116892085990047
-6.830072351186781 -8.529624712495858 -6.10827311703916
11.069765058447421 4.559370643393632 8.185655799700674
3.347584550205056 8.497992404417156 -8.875198878821553
-8.307357296826194 5.044738267174182 2.594408236054572
-8.605439955507443 0.14855588113220036 -8.118184087429643
-5.39686359374614 5.71511910224918 -1.5714501876097386
8.20857564576416 -2.6671451385029394 -7.0149106945506645
-8.629748268608024 -1.0607593627303507 4.050815244510945
6.218159743347535 5.67295766620592 -10.475579819240608
-2.405584224960263 1.320916921974649 -3.2279742922095958
4.2800399473353625 1.3541368404948657 -11.640278044744594
-13.465546533214352 -3.2028423112837774 4.648084709224321
-1.7406736443027102 4.802583293997562 -13.486991059513466
0.1495727098078429 -10.941636825967572 -6.152579528016751
-5.657047678396474 -10.50726978428495 5.512465129018537
0.557345368370446 10.748476813897309 -1.2217000411490342
-7.854589931065769 -3.3880258441692055 -4.0120732279820155
6.8212300077331935 -10.01188194693375 -6.044686230058576
-3.3915332141419863 3.4844473864633563 -12.264359715905462
5.292798620789611 6.518710673498622 -8.800312888605344
8.260631066296783 -4.0450297769439905 9.192593803608977
-9.553158316118182 -1.8122290590838117 3.3301934599127283
6.133353398527778 2.397355110528684 1.0108863192222226
12.636234163986993 0.48368610264661804 6.248416268859552
10.579614822262682 1.7575370010945732 2.6966241279695105
-6.435117694546719 -6.306883889569365 -4.6581650675925355
7.815832840022126 -1.480604952521203 -7.956931797167063
6.7853580293992435 1.6348528177341999 7.643577777620051
6.067165729282791 -2.9128018115343517 10.160459156624887
9.528230738870594 -2.687300744339754 -3.813566085759341
8.017164608432992 1.9299722707251659 -0.7447602578972112
4.606776089560327 -1.4691488900469372 3.2613220121280815
-4.685534010081314 -9.481067010441983 2.71067294060052
8.416946183533051 0.8747746038253985 0.37373981938784756
4.168998295562503 4.118362620587307 1.3292367511887264
2.1893032510680506 -12.765537320172907 -5.941848472238833
-4.1948853975517135 -9.285546439944913 4.462458128219032
8.065617857039042 -10.022187320287928 -7.037091202819184
-9.623792663117882 7.586658583195036 -7.088678150041327
0.38998440656302147 -5.109558203363027 -11.81913861884879
-6.7194503403475005 3.290850639110351 -2.439879660970135
-0.08257617660336718 2.5349177306945716 -11.919841812771276
-0.0953033098472807 -13.686791688357719 2.8928037840166945
12.416000406327951 -0.6282138954945627 3.8799214024242525
-7.143577775031954 0.5594653218742915 3.2949949395179403
0.6401868199763113 8.332041643701771 -0.43532211524626335
-1.5694448949980553 3.180556987620938 -2.18274893687365
8.397940353218228 10.776233280724313 -3.4829020741659003
1.817988996667905 -10.723308375255979 7.852536781454857
-4.735268966268588 -6.036961649585744 -1.0123910518933723
2.2101072055646918 7.391579488517692 -10.661630876588537
-6.421386285816394 13.254206851418076 2.8152907806058045
-7.55422003571307 -8.319560238552617 9.153966971367433
-10.139862457653317 -4.41686501077406 -7.002234374536714
-6.881783325210962 -3.6582885878358886 9.561221606678481
5.967337285464222 7.290043093585422 6.599140523552457
5.941576055787024 -4.412969772074893 -8.884066262715915
-1.4109641881005945 -0.5734221198989253 -11.18004071588977
-9.398965883636535 -10.048923041088802 5.781838962623337
-8.409382079416737 11.104862881376695 3.9016327498800836
-10.882975139824756 -6.10318756313776 5.574881736380739
11.342161930931736 5.013038631687756 7.032488365150443
-2.1865711516847934 10.787791073728094 8.838622598300748
6.944853053733847 -0.6760755851461318 0.22787736118780305
-11.947998526494072 5.697307553609743 5.4024471706472745
-4.298260725735211 -7.809324795816903 11.962944638754076
2.5710421783053476 -8.475932106123048 4.527672975009743
2.01287729891136 -13.638947995949177 5.220170634189452
-3.090037574711562 -13.429701617433908 0.6873677761614605
-4.519989625773923 -11.159135669142902 6.883617898014571
-10.027048916117185 -8.38331391409594 0.6364533744551355
3.0331014752047887 5.969697659725337 -10.03082544612174
-2.7980295386369947 -7.486005806443661 8.467474306784602
-8.533005743401018 -10.483995092011808 -2.1988550538453278
3.4076153197343584 5.522419219056859 7.712207126869871
-8.895435278264296 -3.4335384722550706 1.0797160518402684
8.393828390565366 -1.2019633027332732 -9.373244498614143
-1.6980064800438046 -5.203089420133964 -2.310008239076937
-3.081195667870718 -11.166188781934883 -7.3455935738614
-6.71135845702943 0.41553624356019664 -0.03623814447113699
3.552871568771443 13.018070407915113 -0.21299273368146635
3.614704355010053 -1.8406781650715194 -11.873115004235983
-0.2857608301727569 4.90252198748653 -3.0976527994545258
6.0006236815817875 -6.463942409146316 0.9860733495114548
-2.4760596194955813 5.924781290306948 4.580327069668245
0.15570186910556205 -11.2377554680753 -0.08569540875088678
14.612402920609444 0.5961677938239126 2.4619928773581177
-7.420153395803603 -3.082372628065582 -1.3659900213115712
-8.141799064126026 -0.6164839540331433 -9.151170172114707
-9.852241586619991 -10.988262970177816 0.46743182173974074
-7.869984741477898 -0.4605661107512695 -3.3023164810567285
3.80052586268116 4.3675503139303125 12.818791727832277
-7.847188817489735 -0.34556107193387664 0.9457860889809149
3.076823566665117 -7.31004250555869 -9.46055415133885
-5.680950023959526 4.931029819239 -2.30695544141867
9.065171993456211 -6.545537929336277 0.9480202136099299
6.974549043868254 -1.413120744012429 -13.135290186508259
13.035290898133335 -3.491339734913024 2.6571523827871952
-4.608530837156259 -7.675767220539914 4.810819503177999
6.785988436935011 5.146593441959054 -5.752442636152474
5.657957574937419 5.058629402149623 3.01346360228445
2.7798543701243483 2.4215124045305796 -3.9271570610669717
-6.887478482681104 -5.175956110868132 10.415114024819962
-0.0735920115166325 8.066005391011632 -3.2978011655202843
-9.064921049641011 -9.740150006182052 6.008390135967938
-7.709848278573208 -1.5853940946862526 -10.005071738757351
5.248925712806067 -5.909601101182362 -8.97720006886795
-4.144074437356762 7.92317529349902 -8.35024411731542
-3.1430455435162483 -3.932844435861848 7.334320224111144
-2.231940179161361 -1.4709849591799093 2.8692797929817244
-1.1845948300430051 8.109043515427516 10.835259421055168
-0.26178992299152537 10.835458711108098 -2.5199287224563993
9.11833167245857 9.26271632331047 -0.5849543341514886
-4.247535309319691 11.238314734536933 -6.024796466133726
-7.000896195437399 -7.664591982099357 -5.136962225550527
11.51455522872646 -1.126643415466095 1.869511495714452
2.4461703658438774 -5.120704573492009 5.810993407256708
1.995072159726124 -0.4090026558575985 -8.363165159466535
10.93765271590678 -1.7345837748595587 9.62693497919941
7.5955093977781605 8.917945891515362 7.499461630020858
7.877503786618914 2.944765597063996 1.3408422590928832
-11.38087960757445 -2.445078343336194 0.04323166536665579
6.150983113606746 -7.964463629966767 -6.360115090448383
3.6458764490380173 -10.922431092170669 6.4017983311516256
-10.709926056838988 -2.8205963747467866 9.538807818953822
-2.270470891264639 6.97576194949968 8.309219824814159
-1.6310300999488927 8.544208643105618 -9.302291154735071
11.317744598601788 -5.1366663178803735 -4.795157586667782
6.462975098436927 0.2564316344508291 4.999510487291003
12.599717230442284 -0.2640693103114204 -2.8102341766648027
-8.825243843717276 -2.492278361927891 -5.165494895926971
5.74237779361504 -5.133056209999543 8.36431840653685
-4.711764455129177 2.320179634038925 8.926901195895226
5.742731741038781 -0.27453112144415237 -12.73825319071542
4.910887832673076 7.181529262155775 7.613997701345709
4.7097849544924175 1.7524164028305358 5.263909554896223
6.629046716839844 8.397195060181355 -9.616709142174834
-3.107297556167178 12.841017829164315 6.035480082554175
-11.089734725505854 -0.3813320513268382 7.008939042552122
5.423554376204508 -3.031031777881458 -12.248546941280768
8.175086071600251 2.9279623471692444 -0.2613942880008366
0.569729838712323 1.364525057202809 -3.6851415000715653
-2.44337538539152 -5.704639829158348 -13.31864164508489
-6.5299718533857485 0.05903812445473436 -4.385740429577071
-1.766343244303139 -9.472277742161449 -11.200166019627108
9.221758313399492 -7.06839099558206 -3.9611354225678683
4.707638957455709 6.466050328702677 -10.103656041258164
6.719080246668234 -6.153996747073028 -2.170911278878936
1.5016380742545716 -6.5912466652536645 8.683312316026303
1.234737364903077 -0.816102418266857 -7.659756655902575
2.4673178092284975 -2.532967345206274 -11.8171179352046
3.2809114561235653 -12.261083455664526 -5.009000990338743
-2.1929106346168563 -3.296175000341522 -10.58131409332058
-4.693226378429725 -5.057104073103224 11.127083804220794
6.419263725287659 -3.330746658124536 7.163041870569223
7.194733103124041 -3.93207419559406 -9.285652281947538
2.470197310652935 -7.6446564322772526 -5.899964889550747
1.0042388340943988 -1.9268446919354116 13.73947810119837
-3.4992538756126765 7.416267360168293 -9.7582710300955
0.10180894876565157 -3.250236275055876 -1.9686637974873828
6.335030826704203 0.888126994418836 3.6026688022079476
3.654688819685391 -9.217285071428938 -1.4853076119325532
-3.0472981699144404 0.9098252070377674 3.9385475199653235
6.4165494116662485 7.542598282757436 5.4251053376694305
-3.727736255549157 7.3997558757020325 5.725193981477251
4.150998107066309 2.5847295560183063 7.3936072707424305
-8.632525442918219 9.56937700007309 -4.469737254026145
-13.024201419911552 -6.040947515598561 -3.5289817625740216
5.838547026178698 5.736257848062081 1.891902112877875
-7.286376981060467 6.155530884939051 3.9267866491316474
-0.5135114666007516 6.432500254156285 -3.6195826628137793
-4.268109756925798 -10.00817803232346 0.3902381952923671
-0.7504071080893696 -10.618485075958903 9.480772145552848
-6.850235232955969 4.892858773875273 -7.828729866119477
-1.184322600014295 5.288099660631337 -10.037123853298128
6.5380507331388085 3.3970684462000085 11.534237139902231
-2.6641388472037306 8.870754288072545 -7.513024274190139
5.154205920301354 -2.7345942074011305 -6.594332320858833
-9.57388588552042 -5.85256950887057 -2.7995166287121087
1.8431748234575984 7.744247798139974 -3.7133260517569595
-3.250262499772003 11.45453206206075 5.290759992194906
6.188663253086704 1.8408389910363252 3.2765771235295786
0.738087035656532 -5.905242131254822 -12.613904785096976
-4.609485596083264 -3.6452055456797536 12.410444202639994
8.673577058613409 9.593621265299362 6.957835017968183
-0.49317109764693656 -13.494289717127675 -4.061646436284242
4.009964248860408 3.564010712793192 3.797239446339052
-6.246838655634562 -2.2491111116512266 2.2871348018059625
-3.7112441871844095 -5.031395172499711 1.1692589761263104
2.2416892771500696 -2.7140519450585527 9.010558573437768
8.881076978933294 -10.472646594966163 3.8016573242100855
-2.6050055104075427 -1.5887159648327471 1.5839197640490088
10.536960641692591 -1.323229299867095 9.270859442023122
4.730190403184699 -9.975710774433926 1.9568732662017563
-6.508017515885269 -2.1262438766959586 -12.271565238808863
3.3402066020578887 -12.848206565770441 -1.939664510053737
-8.621710135039438 6.268920414006679 -7.869521347320605
12.225712703834477 -1.68685716286433 -1.6456003011704745
2.266076445110742 1.3625175054157326 -3.099692015894631
6.8625186372238165 -8.735555173016078 3.91579702738661
-5.628769818457084 6.534514866314737 1.1527886840684851
4.4257742709610906 1.705755996223734 4.96373240922112
-7.4803790316431344 -11.847482848404356 -2.09476495037208
-8.568872562385167 0.6967350141981881 -11.295654073363334
-0.3060729186947459 0.9999060748702975 -9.309175370108333
1.0135908158284392 10.039422859669385 -8.368294453546488
-4.503454631639687 1.2899817841906158 -2.860385610968228
0.5547515071980406 -10.049705336813583 -5.021615223016895
1.020260405112142 -12.214559835475988 -6.129954460481203
-12.322628070708713 1.6100847736786905 -7.716255036973051
4.318717665747 -12.348303166077573 -7.128305763539157
-9.888507662675392 5.809871181525586 -0.6676158379440013
7.220999037534719 1.3891160842050558 -10.897203322230487
-9.548977044916425 -9.86178119859884 4.819940545070636
-4.641355967866151 3.417498928824946 1.6831201581085837
7.028303901153353 6.613000258569341 3.0120018831207167
0.8476044450758168 11.34025175286206 -6.37264148533426
11.9391116982209 -5.559803805334697 6.306136306345678
10.98984544226519 4.885755009359118 -6.942510742785012
2.8075142817175456 -7.5075331698191805 9.249258973022405
-8.910083456226356 5.312054098996273 -3.741924521713233
-6.7152241035942355 7.145971127978974 6.147216216816313
1.2877932212652488 10.338537067348618 5.646731248831383
10.577605467797827 -0.37442120783666943 -2.295813589800837
-2.948193819137542 10.244726179353542 9.199914194975701
-1.1338076316231438 -7.073354078899597 8.435144782703693
-0.5052387989090703 9.702889482111255 10.306033609581482
0.06689701513472626 -8.152591791383339 1.721304813785947
8.995681444430163 2.826321773053384 0.8434859927568217
-0.9808340644873518 -5.780286485815631 -2.6924458652042658
-6.352264000639726 -10.415142951788864 5.44235573806563
-6.384324200880887 -5.489773091329708 11.235015050686945
5.023429575490835 -12.387110238915529 -2.3843819608349373
4.942465074576374 -7.301037665104626 8.30031733843328
-0.6782824186903427 -13.571240958177594 -2.415245857162699
3.8094520987958806 3.8748589567764045 0.2977888917347746
-1.766998296365497 -10.085071792499717 4.235264662082212
-5.343469327526875 4.901662327633809 -2.7051958136162284
10.207290286184225 -0.821601496627122 9.2264515996854
-7.941944177771932 -5.0795973467747935 8.355109960164782
8.366621081850488 -7.185676981028953 -1.4615686582341207
-2.1903322427246272 -5.293430682445924 7.147793346898921
2.523710123380098 4.162994848275721 12.770401056797835
-3.8692144729114832 9.636358548531328 0.7646392581136583
10.77454361016061 2.4167303362843873 -6.107562925846113
9.600681720483419 -6.423369983093046 3.413911431069312
-5.044827173637882 0.9098387408059637 -12.240949113560246
-0.22616090773705097 4.715745937610087 -1.3395590342379107
-12.85749256459661 -1.5417303122494723 4.519288375525449
-5.030048184863921 -9.993711989372239 -8.173936958944637
2.3017066322773627 -6.430016162375901 -2.3142735475184253
-4.486621235683046 -10.700502115340512 -1.60573156632418
-0.44225374945151874 -11.189877885393797 -2.945889502854153
1.0873948869947074 0.1845525847515577 3.1444033489115917
-2.592828850395647 -10.26916946169061 -3.980694123668067
-6.664467199049264 3.67217456642229 11.278822707931313
13.762207508976811 -1.597626280665252 -5.127449789351008
4.644918004324915 -0.07199860842617921 2.6888514135767037
-5.388600830148288 13.761775473201943 1.8564222345888655
-7.906970210161389 3.1507655026239454 -12.041239053259863
-0.6174805274077548 -8.760404017136185 5.657958057740862
-0.46302708302167817 -5.254537205364752 13.802837864605086
-0.35996934104898615 2.2329255762958535 2.8640434627056885
4.970435767464025 4.506958854315912 -8.631329081997732
-5.745180074254612 -9.833994427107667 2.6335170604603797
7.603798183295753 6.157893382241031 1.268765907526472
6.300578826610407 -1.3217543117950314 0.11595044923773928
-10.692543550071427 -6.382455522364566 1.1793675337075493
-3.72910299483682 -5.986328258665049 -13.00693433267849
9.918165472122467 -6.846947871973299 6.684199641636149
0.5345134187850394 11.155781308957819 0.060988065239655484
6.63551485469207 11.31299271067336 -2.029850032517404
1.658554126982235 -8.216469844391044 5.372245590806102
-13.502264974482351 5.878204792225966 -2.14212934049045
-4.044972495713593 7.347657375999113 7.5623321368936525
7.343511637504059 7.355574504664478 10.455793062584899
1.5621417002323803 -11.251337104530666 -4.0572162823655855
6.4182250520503725 -3.9750388613358725 5.197812436249668
-8.51155026414257 -7.088453122065808 4.390242967108332
4.7946929075063265 0.11412631080149288 -4.503547873665318
2.510449898258251 -6.21688670450889 5.006518689248276
3.8702733929161455 5.791755916428483 -8.505169329039628
9.158341540854236 2.2071406256886648 -10.454088977285192
11.33880235195694 -2.4813501995770886 -8.331980766520257
-0.410744735667506 6.099444104032961 -8.53890962323366
1.179729500475031 4.593271618657275 10.335289653058128
0.8169581383739365 -6.223686456552937 9.103091000835786
-3.8831924481090376 1.334657862873906 -8.717267978473997
11.5982213280489 8.715566293156337 2.609696697879861
10.268920074347147 8.626486771665043 0.5485684259869743
4.234513279948467 -5.506944369028588 -13.110521844489526
-0.07706226898268671 1.9960837909224831 -14.157128148037327
1.0355550745285256 6.541281999812561 0.28239739864891356
0.6453975172255274 1.6899257227813715 7.747740273431225
-5.4925675474929605 -7.83196156784581 -7.647834220799983
3.981992976262841 -11.809866794342993 -4.230515088669221
-6.3374922846069515 2.8980980200341846 7.973806482057023
0 0 0
0 0 0
0 0 0
0 0 0
0 0 0
0 0 0
0 0 0
0 0 0
0 0 0
0 0 0
0 0 0
0 0 0
0 0 0
0 0 0
0 0 0
0 0 0
0 0 0
0 0 0
0 0 0
0 0 0
0 0 0
0 0 0
0 0 0
0 0 0
0 0 0
0 0 0
0 0 0
0 0 0
0 0 0
0 0 0
0 0 0
0 0 0
0 0 0
0 0 0
0 0 0
0 0 0
0 0 0
0 0 0
0 0 0
0 0 0
0 0 0
0 0 0
0 0 0
0 0 0
0 0 0
0 0 0
0 0 0
0 0 0
0 0 0
0 0 0
0 0 0
0 0 0
0 0 0
0 0 0
0 0 0
0 0 0
0 0 0
0 0 0
0 0 0
0 0 0
0 0 0
0 0 0
0 0 0
0 0 0
0 0 0
0 0 0
0 0 0
0 0 0
0 0 0
0 0 0
0 0 0
0 0 0
0 0 0
0 0 0
0 0 0
0 0 0
0 0 0
0 0 0
0 0 0
0 0 0
0 0 0
0 0 0
0 0 0
0 0 0
0 0 0
0 0 0
0 0 0
0 0 0
0 0 0
0 0 0
0 0 0
0 0 0
0 0 0
0 0 0
0 0 0
0 0 0
0 0 0
0 0 0
0 0 0
0 0 0
0 0 0
0 0 0
0 0 0
0 0 0
0 0 0
0 0 0
0 0 0
0 0 0
0 0 0
0 0 0
0 0 0
0 0 0
0 0 0
0 0 0
0 0 0
0 0 0
0 0 0
0 0 0
0 0 0
0 0 0
0 0 0
0 0 0
0 0 0
0 0 0
0 0 0
0 0 0
0 0 0
0 0 0
0 0 0
0 0 0
0 0 0
0 0 0
0 0 0
0 0 0
0 0 0
0 0 0
0 0 0
0 0 0
0 0 0
0 0 0
0 0 0
0 0 0
0 0 0
0 0 0
0 0 0
0 0 0
0 0 0
0 0 0
0 0 0
0 0 0
0 0 0
0 0 0
0 0 0
0 0 0
0 0 0
0 0 0
0 0 0
0 0 0
0 0 0
0 0 0
0 0 0
0 0 0
0 0 0
0 0 0
0 0 0
0 0 0
0 0 0
0 0 0
0 0 0
0 0 0
0 0 0
0 0 0
0 0 0
0 0 0
0 0 0
0 0 0
0 0 0
0 0 0
0 0 0
0 0 0
0 0 0
0 0 0
0 0 0
0 0 0
0 0 0
0 0 0
0 0 0
0 0 0
0 0 0
0 0 0
0 0 0
0 0 0
0 0 0
0 0 0
0 0 0
0 0 0
0 0 0
0 0 0
0 0 0
0 0 0
0 0 0
0 0 0
0 0 0
0 0 0
0 0 0
0 0 0
0 0 0
0 0 0
0 0 0
0 0 0
0 0 0
0 0 0
0 0 0
0 0 0
0 0 0
0 0 0
0 0 0
0 0 0
0 0 0
0 0 0
0 0 0
0 0 0
0 0 0
0 0 0
0 0 0
0 0 0
0 0 0
0 0 0
0 0 0
0 0 0
0 0 0
0 0 0
0 0 0
0 0 0
0 0 0
0 0 0
0 0 0
0 0 0
0 0 0
0 0 0
0 0 0
0 0 0
0 0 0
0 0 0
0 0 0
0 0 0
0 0 0
0 0 0
0 0 0
0 0 0
0 0 0
0 0 0
0 0 0
0 0 0
0 0 0
0 0 0
0 0 0
0 0 0
0 0 0
0 0 0
0 0 0
0 0 0
0 0 0
0 0 0
0 0 0
0 0 0
0 0 0
0 0 0
0 0 0
0 0 0
0 0 0
0 0 0
0 0 0
0 0 0
0 0 0
0 0 0
0 0 0
0 0 0
0 0 0
0 0 0
0 0 0
0 0 0
0 0 0
0 0 0
0 0 0
0 0 0
0 0 0
0 0 0
0 0 0
0 0 0
0 0 0
0 0 0
0 0 0
0 0 0
0 0 0
0 0 0
0 0 0
0 0 0
0 0 0
0 0 0
0 0 0
0 0 0
0 0 0
0 0 0
0 0 0
0 0 0
0 0 0
0 0 0
0 0 0
0 0 0
0 0 0
0 0 0
0 0 0
0 0 0
0 0 0
0 0 0
0 0 0
0 0 0
0 0 0
0 0 0
0 0 0
0 0 0
0 0 0
0 0 0
0 0 0
0 0 0
0 0 0
0 0 0
0 0 0
0 0 0
0 0 0
0 0 0
0 0 0
0 0 0
0 0 0
0 0 0
0 0 0
0 0 0
0 0 0
0 0 0
0 0 0
0 0 0
0 0 0
0 0 0
0 0 0
0 0 0
0 0 0
0 0 0
0 0 0
0 0 0
0 0 0
0 0 0
0 0 0
0 0 0
0 0 0
0 0 0
0 0 0
0 0 0
0 0 0
0 0 0
0 0 0
0 0 0
0 0 0
0 0 0
0 0 0
0 0 0
0 0 0
0 0 0
0 0 0
0 0 0
0 0 0
0 0 0
0 0 0
0 0 0
0 0 0
0 0 0
0 0 0
0 0 0
0 0 0
0 0 0
0 0 0
0 0 0
0 0 0
0 0 0
0 0 0
0 0 0
0 0 0
0 0 0
0 0 0
0 0 0
0 0 0
0 0 0
0 0 0
0 0 0
0 0 0
0 0 0
0 0 0
0 0 0
0 0 0
0 0 0
0 0 0
0 0 0
0 0 0
0 0 0
0 0 0
0 0 0
0 0 0
0 0 0
0 0 0
0 0 0
0 0 0
0 0 0
0 0 0
0 0 0
0 0 0
0 0 0
0 0 0
0 0 0
0 0 0
0 0 0
0 0 0
0 0 0
0 0 0
0 0 0
0 0 0
0 0 0
0 0 0
0 0 0
0 0 0
0 0 0
0 0 0
0 0 0
0 0 0
0 0 0
0 0 0
0 0 0
0 0 0
0 0 0
0 0 0
0 0 0
0 0 0
0 0 0
0 0 0
0 0 0
0 0 0
0 0 0
0 0 0
0 0 0
0 0 0
0 0 0
0 0 0
0 0 0
0 0 0
0 0 0
0 0 0
0 0 0
0 0 0
0 0 0
0 0 0
0 0 0
0 0 0
0 0 0
0 0 0
0 0 0
0 0 0
0 0 0
0 0 0
0 0 0
0 0 0
0 0 0
0 0 0
0 0 0
0 0 0
0 0 0
0 0 0
0 0 0
0 0 0
0 0 0
0 0 0
0 0 0
0 0 0
0 0 0
0 0 0
0 0 0
0 0 0
0 0 0
0 0 0
0 0 0
0 0 0
0 0 0
0 0 0
0 0 0
0 0 0
0 0 0
0 0 0
0 0 0
0 0 0
0 0 0
0 0 0
0 0 0
0 0 0
0 0 0
0 0 0
0 0 0
0 0 0
0 0 0
0 0 0
0 0 0
0 0 0
0 0 0
0 0 0
0 0 0
0 0 0
0 0 0
0 0 0
0 0 0
0 0 0
0 0 0
0 0 0
0 0 0
0 0 0
0 0 0
0 0 0
0 0 0
0 0 0
0 0 0
0 0 0
0 0 0
0 0 0
0 0 0
0 0 0
0 0 0
0 0 0
0 0 0
0 0 0
0 0 0
0 0 0
0 0 0
0 0 0
0 0 0
0 0 0
0 0 0
0 0 0
0 0 0
0 0 0
0 0 0
0 0 0
0 0 0
0 0 0
0 0 0
0 0 0
0 0 0
0 0 0
0 0 0
0 0 0
0 0 0
0 0 0
0 0 0
0 0 0
0 0 0
0 0 0
0 0 0
0 0 0
0 0 0
0 0 0
0 0 0
0 0 0
0 0 0
0 0 0
0 0 0
0 0 0
0 0 0
0 0 0
0 0 0
0 0 0
0 0 0
0 0 0
0 0 0
0 0 0
0 0 0
0 0 0
0 0 0
0 0 0
0 0 0
0 0 0
0 0 0
0 0 0
0 0 0
0 0 0
0 0 0
0 0 0
0 0 0
0 0 0
0 0 0
0 0 0
0 0 0
0 0 0
0 0 0
0 0 0
0 0 0
0 0 0
0 0 0
0 0 0
0 0 0
0 0 0
0 0 0
0 0 0
0 0 0
0 0 0
0 0 0
0 0 0
0 0 0
0 0 0
0 0 0
0 0 0
0 0 0
0 0 0
0 0 0
0 0 0
0 0 0
0 0 0
0 0 0
0 0 0
0 0 0
0 0 0
0 0 0
0 0 0
0 0 0
0 0 0
0 0 0
0 0 0
0 0 0
0 0 0
0 0 0
0 0 0
0 0 0
0 0 0
0 0 0
0 0 0
0 0 0
0 0 0
0 0 0
0 0 0
0 0 0
0 0 0
0 0 0
0 0 0
0 0 0
0 0 0
0 0 0
0 0 0
0 0 0
0 0 0
0 0 0
0 0 0
0 0 0
0 0 0
0 0 0
0 0 0
0 0 0
0 0 0
0 0 0
0 0 0
0 0 0
0 0 0
0 0 0
0 0 0
0 0 0
0 0 0
0 0 0
0 0 0
0 0 0
0 0 0
0 0 0
0 0 0
0 0 0
0 0 0
0 0 0
0 0 0
0 0 0
0 0 0
0 0 0
0 0 0
0 0 0
0 0 0
0 0 0
0 0 0
0 0 0
0 0 0
0 0 0
0 0 0
0 0 0
0 0 0
0 0 0
0 0 0
0 0 0
0 0 0
0 0 0
0 0 0
0 0 0
0 0 0
0 0 0
0 0 0
0 0 0
0 0 0
0 0 0
0 0 0
0 0 0
0 0 0
0 0 0
0 0 0
0 0 0
0 0 0
0 0 0
0 0 0
0 0 0
0 0 0
0 0 0
0 0 0
0 0 0
0 0 0
0 0 0
0 0 0
0 0 0
0 0 0
0 0 0
0 0 0
0 0 0
0 0 0
0 0 0
0 0 0
0 0 0
0 0 0
0 0 0
0 0 0
0 0 0
0 0 0
0 0 0
0 0 0
0 0 0
0 0 0
0 0 0
0 0 0
0 0 0
0 0 0
0 0 0
0 0 0
0 0 0
0 0 0
0 0 0
0 0 0
0 0 0
0 0 0
0 0 0
0 0 0
0 0 0
0 0 0
0 0 0
0 0 0
0 0 0
0 0 0
0 0 0
0 0 0
0 0 0
0 0 0
0 0 0
0 0 0
0 0 0
0 0 0
0 0 0
0 0 0
0 0 0
0 0 0
0 0 0
0 0 0
0 0 0
0 0 0
0 0 0
0 0 0
0 0 0
0 0 0
0 0 0
0 0 0
0 0 0
0 0 0
0 0 0
0 0 0
0 0 0
0 0 0
0 0 0
0 0 0
0 0 0
0 0 0
0 0 0
0 0 0
0 0 0
0 0 0
0 0 0
0 0 0
0 0 0
0 0 0
0 0 0
0 0 0
0 0 0
0 0 0
0 0 0
0 0 0
0 0 0
0 0 0
0 0 0
0 0 0
0 0 0
0 0 0
0 0 0
0 0 0
0 0 0
0 0 0
0 0 0
0 0 0
0 0 0
0 0 0
0 0 0
0 0 0
0 0 0
0 0 0
0 0 0
0 0 0
0 0 0
0 0 0
0 0 0
0 0 0
0 0 0
0 0 0
0 0 0
0 0 0
0 0 0
0 0 0
0 0 0
0 0 0
0 0 0
0 0 0
0 0 0
0 0 0
0 0 0
0 0 0
0 0 0
0 0 0
0 0 0
0 0 0
0 0 0
0 0 0
0 0 0
0 0 0
0 0 0
0 0 0
0 0 0
0 0 0
0 0 0
0 0 0
0 0 0
0 0 0
0 0 0
0 0 0
0 0 0
0 0 0
0 0 0
0 0 0
0 0 0
0 0 0
0 0 0
0 0 0
0 0 0
0 0 0
0 0 0
0 0 0
0 0 0
0 0 0
0 0 0
0 0 0
0 0 0
0 0 0
0 0 0
0 0 0
0 0 0
0 0 0
0 0 0
0 0 0
0 0 0
0 0 0
0 0 0
0 0 0
0 0 0
0 0 0
0 0 0
0 0 0
0 0 0
0 0 0
0 0 0
0 0 0
0 0 0
0 0 0
0 0 0
0 0 0
0 0 0
0 0 0
0 0 0
0 0 0
0 0 0
0 0 0
0 0 0
0 0 0
0 0 0
0 0 0
0 0 0
0 0 0
0 0 0
0 0 0
0 0 0
0 0 0
0 0 0
0 0 0
0 0 0
0 0 0
0 0 0
0 0 0
0 0 0
0 0 0
0 0 0
0 0 0
0 0 0
0 0 0
0 0 0
0 0 0
0 0 0
0 0 0
0 0 0
0 0 0
0 0 0
0 0 0
0 0 0
0 0 0
0 0 0
0 0 0
0 0 0
0 0 0
0 0 0
0 0 0
0 0 0
0 0 0
0 0 0
0 0 0
0 0 0
0 0 0
0 0 0
0 0 0
0 0 0
0 0 0
0 0 0
0 0 0
0 0 0
0 0 0
0 0 0
0 0 0
0 0 0
0 0 0
0 0 0
0 0 0
0 0 0
0 0 0
0 0 0
0 0 0
0 0 0
0 0 0
0 0 0
0 0 0
0 0 0
0 0 0
0 0 0
0 0 0
0 0 0
0 0 0
0 0 0
0 0 0
0 0 0
0 0 0
0 0 0
0 0 0
0 0 0
0 0 0
0 0 0
0 0 0
0 0 0
0 0 0
0 0 0
0 0 0
0 0 0
0 0 0
0 0 0
0 0 0
0 0 0
